COL NAME: col1
0
1
2
3
4
5
6
7
8
9
10
11
12
13
14
15
16
17
18
19
20
21
22
23
24
25
26
27
28
29
30
31
32
33
34
35
36
37
38
39
40
41
42
43
44
45
46
47
48
49
50
51
52
53
54
55
56
57
58
59
60
61
62
63
64
65
66
67
68
69
70
71
72
73
74
75
76
77
78
79
80
81
82
83
84
85
86
87
88
89
90
91
92
93
94
95
96
97
98
99
100
101
102
103
104
105
106
107
108
109
110
111
112
113
114
115
116
117
118
119
120
121
122
123
124
125
126
127
128
129
130
131
132
133
134
135
136
137
138
139
140
141
142
143
144
145
146
147
148
149
150
151
152
153
154
155
156
157
158
159
160
161
162
163
164
165
166
167
168
169
170
171
172
173
174
175
176
177
178
179
180
181
182
183
184
185
186
187
188
189
190
191
192
193
194
195
196
197
198
199
200
201
202
203
204
205
206
207
208
209
210
211
212
213
214
215
216
217
218
219
220
221
222
223
224
225
226
227
228
229
230
231
232
233
234
235
236
237
238
239
240
241
242
243
244
245
246
247
248
249
250
251
252
253
254
255
256
257
258
259
260
261
262
263
264
265
266
267
268
269
270
271
272
273
274
275
276
277
278
279
280
281
282
283
284
285
286
287
288
289
290
291
292
293
294
295
296
297
298
299
300
301
302
303
304
305
306
307
308
309
310
311
312
313
314
315
316
317
318
319
320
321
322
323
324
325
326
327
328
329
330
331
332
333
334
335
336
337
338
339
340
341
342
343
344
345
346
347
348
349
350
351
352
353
354
355
356
357
358
359
360
361
362
363
364
365
366
367
368
369
370
371
372
373
374
375
376
377
378
379
380
381
382
383
384
385
386
387
388
389
390
391
392
393
394
395
396
397
398
399
400
401
402
403
404
405
406
407
408
409
410
411
412
413
414
415
416
417
418
419
420
421
422
423
424
425
426
427
428
429
430
431
432
433
434
435
436
437
438
439
440
441
442
443
444
445
446
447
448
449
450
451
452
453
454
455
456
457
458
459
460
461
462
463
464
465
466
467
468
469
470
471
472
473
474
475
476
477
478
479
480
481
482
483
484
485
486
487
488
489
490
491
492
493
494
495
496
497
498
499
500
501
502
503
504
505
506
507
508
509
510
511
512
513
514
515
516
517
518
519
520
521
522
523
524
525
526
527
528
529
530
531
532
533
534
535
536
537
538
539
540
541
542
543
544
545
546
547
548
549
550
551
552
553
554
555
556
557
558
559
560
561
562
563
564
565
566
567
568
569
570
571
572
573
574
575
576
577
578
579
580
581
582
583
584
585
586
587
588
589
590
591
592
593
594
595
596
597
598
599
600
601
602
603
604
605
606
607
608
609
610
611
612
613
614
615
616
617
618
619
620
621
622
623
624
625
626
627
628
629
630
631
632
633
634
635
636
637
638
639
640
641
642
643
644
645
646
647
648
649
650
651
652
653
654
655
656
657
658
659
660
661
662
663
664
665
666
667
668
669
670
671
672
673
674
675
676
677
678
679
680
681
682
683
684
685
686
687
688
689
690
691
692
693
694
695
696
697
698
699
700
701
702
703
704
705
706
707
708
709
710
711
712
713
714
715
716
717
718
719
720
721
722
723
724
725
726
727
728
729
730
731
732
733
734
735
736
737
738
739
740
741
742
743
744
745
746
747
748
749
750
751
752
753
754
755
756
757
758
759
760
761
762
763
764
765
766
767
768
769
770
771
772
773
774
775
776
777
778
779
780
781
782
783
784
785
786
787
788
789
790
791
792
793
794
795
796
797
798
799
800
801
802
803
804
805
806
807
808
809
810
811
812
813
814
815
816
817
818
819
820
821
822
823
824
825
826
827
828
829
830
831
832
833
834
835
836
837
838
839
840
841
842
843
844
845
846
847
848
849
850
851
852
853
854
855
856
857
858
859
860
861
862
863
864
865
866
867
868
869
870
871
872
873
874
875
876
877
878
879
880
881
882
883
884
885
886
887
888
889
890
891
892
893
894
895
896
897
898
899
900
901
902
903
904
905
906
907
908
909
910
911
912
913
914
915
916
917
918
919
920
921
922
923
924
925
926
927
928
929
930
931
932
933
934
935
936
937
938
939
940
941
942
943
944
945
946
947
948
949
950
951
952
953
954
955
956
957
958
959
960
961
962
963
964
965
966
967
968
969
970
971
972
973
974
975
976
977
978
979
980
981
982
983
984
985
986
987
988
989
990
991
992
993
994
995
996
997
998
999
2270
734
578
1949
1420
1396
2849
4998
-342
-3472
393
-2388
486
3226
2555
2989
-4839
4467
2892
-4122
1331
276
-2432
4687
-4609
-1901
2215
3154
-1160
1910
-4794
2035
-2210
1019
1892
-3941
915
4555
592
864
575
-4337
-1696
1585
2280
-263
2392
-3293
-69
3958
-2069
-3070
-718
-2189
-3014
-3157
759
-3198
534
3815
-452
-1830
-501
-3352
3445
-2800
-2131
1944
-1013
-504
3050
-3307
-1646
4151
2683
2339
-1556
-4699
88
-2025
-1606
1709
-2267
-3314
-3591
2343
-2194
3716
2992
3173
1614
-854
1293
-223
691
315
2027
2987
-3307
-4170
3308
2560
-3919
-4441
-930
3130
-1494
188
1484
-548
2390
4207
3527
-4149
4760
732
-1087
-893
-2918
-4583
-1733
4708
-4272
-2496
-921
-2857
-1560
-32
-3635
-4605
-640
-54
2266
2651
-2844
1541
334
1801
-4047
293
-2319
541
4872
-3676
-1514
301
-732
-1291
4086
-4496
-4177
-2895
-90
1190
-1514
-1670
2114
2575
1819
-4461
1042
1132
-3419
2026
-4991
2418
3415
1970
-3367
-4596
989
-1364
1600
-4284
-24
-4751
-3923
-142
-1626
-470
1241
2002
4550
-1823
2043
449
-836
1269
-4240
1090
4911
-4334
2570
-223
1376
4945
240
-1356
-4698
3150
-379
-4082
-3469
1949
3152
-3024
-4875
1168
-4768
4685
-2528
-4124
-3267
1986
3434
4111
3659
-4883
-4154
3915
-2952
-3083
-1256
1038
-2940
-3658
-1510
-4765
256
-2440
468
1413
-2102
-773
4510
984
4184
-967
-3030
3135
788
-4078
-4050
-2355
2326
-1772
-1244
1898
1166
-2557
4831
-549
-1823
-854
-3208
-3355
-1928
1514
4524
-788
-3375
3666
1783
-3010
1320
588
-4312
182
4984
3058
-2283
2311
490
797
-1665
1305
-1538
2221
2218
2970
-2462
1612
1150
-758
-3692
1035
-434
-3721
-3613
-777
-2427
-3696
-2459
3996
3232
-3378
2992
1136
-1972
-775
-2134
3340
1819
-3667
-147
4977
2101
-4847
-2657
-4940
2970
4650
1667
1960
-1360
3407
-3250
3901
-1007
-127
2124
3820
-3479
-1706
-1958
-4386
-1777
-4870
3230
-4080
3502
-654
4005
-1489
2069
-565
3567
-612
3173
2511
-195
3202
2827
-3611
-4064
3245
-3087
4041
-124
-3067
2490
1881
-4046
-867
4105
3987
4516
-2255
-3688
-2617
1924
-714
1150
150
-1259
3780
4882
-457
4439
4437
-3113
4109
3213
2437
-189
-2572
2813
2266
4078
-3177
-1222
1446
2424
-1944
1635
179
-1324
-3950
1059
-2054
-3125
4208
-4884
3586
-3611
420
-1504
4768
3783
1047
-3051
-1826
-1959
-3105
-4366
-1856
383
4299
-4793
-4106
2867
-3734
-220
-4694
-4339
4274
-4648
-4044
-1547
-3288
631
4461
-2042
4131
-4626
-3354
-1845
3219
543
1430
-4731
4472
1656
4499
-2266
4771
-3075
-3061
4235
-707
-3771
-2260
-4875
2351
4110
757
2175
4991
4710
1257
-4014
-1876
-967
-4426
1924
2114
4829
-4000
-1288
-4546
2232
-2125
1059
-2011
-2137
252
445
-4594
1542
-4860
2151
1894
4873
-1470
2102
1441
4667
495
-3700
-384
1295
-3684
-1317
-4855
4776
-4370
2622
4160
2421
-642
-2651
4382
-4928
-4293
51
2397
2979
249
-1126
-1626
-2507
-1281
2446
1099
-4852
4958
4715
782
-4660
299
-1733
3597
-893
-3174
2693
2002
907
-741
-83
2045
-2036
2340
-4155
-2506
179
1488
-4311
448
3591
671
4011
-483
2870
-3451
-519
-163
2993
1356
-732
-408
-2645
3737
2394
-2328
-4608
-1369
3433
3980
1869
3080
2340
-60
3599
-4853
-469
3964
1511
3551
-3173
3569
-2804
607
1303
-4479
-417
2128
2031
-125
2165
-4354
-670
-442
-918
-3276
-3347
926
-1700
-1273
-4486
3033
-1033
132
3505
2604
-3222
2378
4596
-3987
2909
891
-1708
1643
-1610
4324
-4133
4398
-3864
-3981
-2990
-2829
624
68
3186
-3551
1052
4817
-2022
2531
-3381
-287
-4838
-4369
2896
4032
3017
-4311
2927
1342
1285
1164
-3062
3616
4086
-2664
1171
-376
-3463
-1250
413
-3146
4283
-4219
-1133
879
-3423
1744
-2449
-2445
2239
3078
1971
1530
-865
2167
3804
4973
248
-4331
-4077
3438
1274
-4774
2544
4346
-1652
3381
1450
-2674
1763
3915
4127
1344
-1170
1659
2358
-4052
2568
2374
1362
-3623
-2341
1142
-4577
-243
2789
2880
-2010
-4067
-4736
827
2789
-210
-2521
4777
4491
2368
-423
-3553
1748
-1260
525
-3815
-995
1716
2815
-2200
1892
93
-3841
-4660
482
-88
-4818
823
-1371
4324
1246
3365
-4274
1993
-1256
-4065
-2298
-800
4101
-4230
1031
-2534
-3002
4342
-3569
-3870
3566
-3177
1990
-4641
-1639
-1733
-2394
-4087
-3171
-1301
-3100
4591
-348
2597
-2691
-991
668
1789
-2584
-3064
-1764
-84
-3561
-4618
-4642
-3373
4326
-1165
1905
-3693
1207
-3292
4702
-3793
-239
2929
3125
-2192
1068
806
-4636
-4885
-1065
1980
3182
-1580
-1363
-3001
-4305
2470
3733
4764
4959
3392
-103
-2986
-1345
409
3549
2913
1465
