COL NAME: col2
540
936
596
35
342
692
579
909
948
125
891
908
877
462
697
752
338
950
101
168
496
661
665
705
848
44
450
53
716
369
552
17
629
565
553
265
788
314
795
920
427
86
418
637
657
543
77
260
43
268
892
470
693
80
361
247
139
714
530
167
30
577
286
375
89
1003
432
868
156
159
120
306
816
916
68
439
534
304
627
448
255
688
718
463
109
737
971
797
889
548
538
85
367
938
183
433
911
445
960
495
837
983
523
381
769
206
1000
216
374
984
474
442
784
227
955
485
569
11
871
813
386
626
942
172
597
359
907
110
48
896
1008
976
771
517
176
952
824
251
102
301
555
704
302
836
266
592
559
818
276
473
484
249
263
503
931
57
429
689
811
591
25
759
922
798
863
290
49
312
654
469
346
698
112
410
1004
547
630
838
82
246
105
325
319
15
527
78
886
956
356
182
634
546
1006
349
141
928
884
399
933
880
765
781
504
1007
344
447
454
865
550
571
460
819
368
221
134
45
866
558
396
129
947
841
910
486
533
414
583
649
635
676
184
883
750
444
961
149
519
400
491
421
94
980
284
218
271
899
303
842
859
659
186
492
803
521
622
639
393
39
726
308
770
749
323
170
510
419
269
745
861
739
157
822
320
79
214
131
651
153
607
1001
282
236
924
778
643
954
311
541
773
846
467
506
383
998
500
793
602
674
719
231
138
502
313
130
465
615
385
478
198
703
699
178
744
544
906
481
893
587
497
831
537
197
516
723
275
590
526
398
616
614
256
763
270
904
230
867
890
825
753
490
202
493
731
882
471
648
480
586
777
262
672
687
843
22
118
696
329
624
780
336
573
143
539
411
529
680
791
339
593
88
299
554
279
224
122
443
895
711
766
23
117
373
166
828
392
357
431
964
667
761
351
213
967
391
786
434
459
355
814
683
461
677
409
783
514
212
913
728
926
66
281
341
509
326
297
98
305
562
801
664
702
46
985
990
767
124
700
561
599
941
91
518
158
855
934
298
192
854
857
524
20
551
944
220
107
645
248
655
73
352
632
885
915
365
93
869
515
989
388
16
849
498
285
918
860
108
310
957
856
663
378
322
641
415
324
228
804
810
169
874
567
646
27
682
794
881
261
545
513
95
658
136
67
598
905
800
394
335
741
330
845
128
34
226
631
482
207
733
340
900
582
42
642
727
280
604
455
995
525
707
397
528
65
764
456
140
754
968
113
350
422
424
404
787
879
475
850
405
901
137
830
232
142
721
371
96
535
532
483
327
217
154
522
817
189
425
487
751
612
978
420
115
488
258
436
650
114
446
345
24
372
175
190
930
50
959
585
997
584
457
252
972
382
679
556
1002
106
360
437
768
647
603
660
542
253
116
51
417
477
939
72
725
872
479
362
505
873
618
690
333
694
531
70
121
894
264
536
229
574
1009
403
179
353
653
975
782
823
652
63
776
430
449
903
402
670
370
668
669
775
29
982
962
193
413
309
321
200
84
387
746
203
992
201
807
844
724
640
644
64
888
662
712
796
21
292
557
973
826
148
307
580
348
802
722
163
242
713
809
354
564
595
151
441
332
328
919
174
287
609
55
127
237
685
476
288
59
223
291
747
52
875
99
74
979
343
19
26
245
155
18
10
932
600
969
13
605
821
395
185
708
161
363
790
715
32
576
71
935
792
36
927
132
438
150
568
977
656
945
756
774
779
358
289
92
60
61
209
717
996
317
254
347
300
76
87
119
104
267
686
929
204
56
988
472
827
620
199
366
619
633
589
239
917
41
453
638
243
241
435
277
762
623
940
560
805
815
921
225
709
839
318
566
28
160
897
47
250
581
799
377
732
621
820
628
852
440
412
847
208
272
511
512
401
610
177
458
464
244
234
840
999
974
613
211
133
720
126
390
162
808
835
806
951
379
376
428
832
54
789
296
315
966
451
994
152
507
876
870
734
257
196
195
757
295
748
416
103
452
981
965
146
710
772
914
210
273
684
364
499
181
187
408
90
384
625
943
864
520
743
40
617
986
563
953
549
834
283
887
898
222
165
673
240
407
606
38
294
423
878
426
578
191
278
406
738
466
636
316
188
671
675
993
923
144
681
902
164
611
194
729
58
494
706
946
489
851
37
666
12
853
678
62
862
235
829
100
937
758
238
608
735
205
334
215
991
180
259
468
949
135
925
31
293
171
601
736
963
147
111
987
173
14
219
233
760
588
970
812
742
83
570
575
331
755
508
691
1005
958
389
97
75
501
380
740
572
833
123
695
81
785
730
69
33
858
701
594
274
337
912
145
-1870
1999
3900
-618
-2396
5062
-104
187
-3443
-4916
4185
-347
2585
1378
628
7681
-5542
483
4755
146
4902
-2662
-1969
4945
-3717
-623
-331
7916
-5132
5972
-4660
-1481
198
-2224
-1430
-2273
5704
5005
2984
5338
1105
-7339
-2933
-2124
-1084
-4409
3920
-2502
-1559
3347
708
-1783
-3207
-91
324
523
2453
-43
-405
8023
-2344
3044
794
-2813
1002
-4839
-6175
1437
3706
-769
1496
-4871
-6421
4751
2325
6774
-5496
-9093
4419
-923
1713
-2722
-3404
-5305
-7807
4549
-6657
5687
2772
2668
5972
-2085
2750
-1369
-1258
184
1169
4786
1567
-3993
4257
-509
-8407
-5769
3732
1277
759
-2671
6311
333
4295
8747
4405
-7462
3760
1119
-5021
-167
1049
-1277
-5908
120
-2108
-4529
-4350
2022
-2794
885
-4143
-2205
-3138
432
1757
1287
16
1270
4258
1647
-6508
-3516
2090
5121
8574
671
-4704
-513
-984
2982
8662
-8282
-8249
-4268
-915
-2554
-2930
-3967
-1533
-1758
538
-4497
3144
4023
-705
-2719
-7120
2542
5864
3908
-1101
-1421
-2551
-1555
2597
-1345
-1605
-886
-496
1402
-5374
1411
4258
-1667
4665
907
-2820
-1719
2105
87
-1410
2121
8383
-5146
5526
-1323
-3101
7185
1733
-1924
-9060
275
-253
-6285
-297
3831
3902
-6728
-5243
5963
-407
7628
-4789
-5312
-6662
503
1024
4453
6854
-7332
-2838
-861
-1719
-3849
2837
5903
-2653
-5826
2800
-7857
-2109
-2025
3475
3354
444
-5173
6453
1126
1896
-3970
359
3702
1196
-8659
-6714
-2743
3697
-3053
-2019
-2309
-3020
226
658
-1673
1972
1342
-2476
1042
-5074
1545
7917
2182
-402
7275
5929
-2711
700
-3446
-5069
5098
1743
-991
-2759
4497
2135
4935
1373
-244
-5706
531
4994
113
-2915
1617
575
-2063
-4515
-371
-943
-1638
-5934
-946
-4828
-1328
-5408
-930
5416
-337
-1363
4782
671
-2708
-2346
2190
6147
-4517
1065
7692
4775
-2230
-2521
-810
-778
3199
-1011
-36
1622
-1255
-2646
4220
2673
-321
281
6506
539
-1621
-2461
-3994
361
-6887
5924
-1516
7432
4342
1037
-4718
-2011
-1805
600
2220
805
6666
-4389
70
3256
-1337
-2662
5459
1701
6353
2163
-6687
6669
6428
129
-497
7333
3023
-167
-5664
789
-4378
-2714
-1976
-3294
2711
3507
8519
1018
-4450
874
4521
-6848
7182
2782
2236
3765
-2446
7458
3806
1922
-5022
-3326
625
-1643
2040
-1110
1752
-2944
-5317
4943
671
-6362
6307
-7451
2374
-254
4340
-5726
6499
1503
4079
-1319
188
-6854
-2015
-7441
2775
-706
7741
-8894
-8592
1976
-5096
-3293
-1715
-4695
8220
-554
-6973
128
-3585
5264
4193
862
-344
-4978
-8341
1476
332
98
-104
-4007
5748
-2769
2691
-1150
1974
-7456
-4108
-484
-529
456
-4971
-2402
3989
6705
-2274
6731
6803
908
3962
-4574
2643
-862
-3722
752
6653
3943
42
-4921
270
2038
-1533
3069
2207
-5960
-349
2015
-388
3478
-4978
5715
4205
6660
-5184
-539
1488
1465
5395
-1831
-5375
1110
-2985
910
-4845
258
-517
4949
260
2437
4127
-1952
6146
-4456
-7489
-2474
-868
407
540
3560
2582
-694
842
1889
4654
-5815
4853
2500
2039
-6843
5216
-2327
3034
-5333
-545
5957
1227
2004
2545
3346
-1907
101
4519
-3378
-4787
1789
1225
-4136
-3373
5498
2599
2303
-2181
3563
1505
2379
2595
4000
4789
-5061
-613
-1758
3456
7045
-3128
-992
-197
2330
6431
-884
5179
4423
-1789
6249
-3433
-139
5457
4015
927
-1194
2854
-4057
-3624
286
-352
529
-411
6790
-3869
-2534
597
3890
1137
-1735
-6900
-6281
2177
-421
-1
-9038
553
412
-2321
1588
5148
-320
-1498
4847
-8761
3497
-3029
-3122
602
-613
-135
-510
567
-6054
-3744
600
437
4315
1465
86
187
-1852
3148
-4183
1814
-1513
4270
-7864
-8464
-1900
4379
314
-5311
-902
-2209
1717
-166
500
4920
5719
2215
3268
-3743
-5326
2285
79
-3091
5057
-1671
1060
-151
780
-830
-1038
-6970
3949
4141
496
-3212
764
-2221
1111
5879
4014
-4967
-7952
2149
138
-9510
3113
-67
-353
7553
1883
1413
-1563
4964
-718
2123
2876
-2900
1986
-873
2214
-1488
-1184
-1922
-2745
1768
-2578
-3276
735
2955
145
-7607
-2920
4086
3506
1973
2364
1269
7342
884
-4696
-1972
-2847
-4414
4295
-6421
1434
1591
1266
1133
2700
-3582
-4191
-5832
1858
-440
-6706
-2660
-2743
5912
-2767
2106
-5514
1026
2355
-5257
-1409
-5599
3759
-6075
2470
-5252
-2526
3660
-2945
-2307
686
-6703
2150
-8500
-56
-169
-1488
-7076
596
3354
1549
3006
2591
2055
-1423
637
1981
-2426
1404
-4257
-4412
414
-831
130
-4711
1122
5978
1852
-261
155
-631
-4662
177
-6833
628
3276
579
-550
-130
1948
-5378
-2801
1677
6114
949
-735
-3410
-6774
196
5007
-179
5908
8027
6840
-66
-6605
1593
-2499
4196
5460
-2038
