COL NAME: col1
109
816
895
650
546
422
393
234
329
711
324
150
545
635
878
31
271
835
821
635
923
367
491
315
589
587
571
596
367
79
885
171
257
278
503
732
557
490
584
565
838
732
892
336
520
325
171
83
841
840
523
480
543
417
338
800
319
303
271
689
113
406
25
236
309
683
232
548
264
989
12
495
315
617
637
847
383
641
990
315
255
440
114
298
914
123
255
650
717
46
728
830
902
462
349
122
30
983
54
152
455
285
35
817
909
796
922
884
255
177
547
253
507
673
20
805
74
992
718
459
983
177
381
36
970
119
914
629
0
720
935
310
207
153
761
682
314
306
503
618
654
519
605
909
96
489
6
785
11
513
945
348
916
6
499
474
523
851
56
589
585
232
790
29
366
825
606
819
55
9
914
146
363
598
252
698
939
744
252
442
735
339
515
352
623
704
652
322
139
860
950
444
94
552
419
513
789
149
552
350
115
631
236
269
860
290
433
8
750
629
863
826
823
474
521
536
684
736
10
612
776
902
326
929
594
275
369
489
344
772
367
732
310
730
600
484
14
757
687
3
845
375
368
464
532
719
985
136
833
362
974
930
215
367
116
178
245
127
357
77
740
292
773
81
341
337
818
577
95
144
576
520
396
995
356
185
669
542
150
318
753
667
58
9
856
123
355
345
793
236
332
16
423
323
22
930
458
459
520
718
556
420
964
402
330
456
482
497
26
396
952
187
139
520
745
91
76
851
243
844
666
729
958
988
796
661
840
87
617
914
293
94
252
550
398
766
53
927
242
109
765
623
685
700
220
760
563
161
968
34
965
36
845
828
622
369
176
520
274
982
632
104
155
335
25
933
295
536
354
885
68
326
150
856
576
661
319
756
451
569
667
111
634
461
864
963
361
202
486
479
3
128
25
800
976
26
41
964
582
63
24
71
481
872
899
267
825
94
394
868
363
314
116
163
876
789
576
305
771
739
199
984
731
179
357
739
995
251
298
872
429
3
652
677
253
940
664
578
566
95
166
832
330
897
964
887
853
61
173
252
460
623
214
238
414
738
741
744
674
125
940
252
844
949
710
196
633
412
455
775
53
646
338
358
150
99
233
543
61
940
195
541
754
105
294
644
450
533
155
405
895
725
737
796
682
553
571
374
588
454
201
731
451
186
607
853
723
367
339
261
840
923
588
542
550
305
845
725
637
164
757
620
87
199
270
50
488
197
22
664
222
941
220
662
265
72
880
76
543
880
434
936
64
960
356
935
17
675
798
565
574
768
750
435
995
440
8
469
631
347
601
371
969
823
174
514
129
565
292
695
926
352
223
523
953
706
758
508
367
665
589
651
499
89
655
948
71
432
688
347
262
270
508
507
616
419
71
73
654
502
573
145
45
740
104
108
316
120
498
42
939
98
705
310
213
462
740
422
995
388
696
111
910
858
271
824
995
101
209
738
792
21
759
158
890
740
929
342
399
453
698
142
849
869
396
535
140
960
239
291
816
81
559
864
869
170
773
976
579
525
541
109
211
775
437
321
996
899
713
83
955
375
52
866
495
255
585
219
654
99
128
917
218
476
782
457
979
21
689
559
628
328
887
690
479
784
873
338
871
858
178
420
481
48
826
905
766
29
84
788
501
545
328
609
433
587
686
852
248
851
133
689
364
739
574
779
424
414
769
655
511
384
387
814
448
563
302
98
972
305
556
41
990
467
439
326
568
999
32
411
625
811
113
507
55
555
723
351
328
545
269
195
412
636
78
766
656
82
741
136
538
688
718
932
923
305
310
387
724
865
914
548
505
387
292
178
671
428
879
523
680
311
79
13
53
446
765
64
371
502
569
95
532
259
584
247
126
498
45
981
267
639
541
93
735
315
611
70
592
448
909
366
811
619
613
409
90
508
876
527
109
774
671
764
88
606
271
246
360
377
205
344
829
797
759
454
907
66
986
557
978
42
228
950
812
443
233
198
496
847
31
263
112
972
829
458
275
145
356
5
339
991
493
107
924
771
70
938
339
673
99
326
32
142
243
735
725
631
679
860
216
900
973
433
866
833
728
53
719
941
591
906
891
944
994
150
54
516
447
34
860
118
196
565
770
773
854
877
823
513
593
861
421
951
516
685
138
704
649
808
627
43
857
800
218
567
753
907
257
512
960
376
892
288
469
971
102
803
148
83
931
25
174
734
640
421
653
345
301
297
134
54
55
373
587
830
919
338
456
354
131
492
553
863
109
581
795
125
859
295
178
924
809
885
196
772
100
936
572
182
923
808
878
8
412
717
933
829
565
691
103
125
545
676
944
809
269
465
800
117
865
91
611
484
86
233
912
123
202
31
356
462
963
550
93
521
726
407
99
243
57
964
356
490
319
18
356
116
135
838
295
524
100
379
154
593
599
104
641
783
525
127
400
571
965
738
528
556
549
123
359
63
888
764
773
955
623
101
560
276
226
22
843
696
63
156
794
389
148
838
362
680
463
644
398
404
825
131
196
646
34
419
376
398
219
897
887
696
516
582
341
752
862
415
455
296
937
330
704
679
338
747
805
297
759
676
311
582
742
54
984
693
533
794
104
174
293
879
550
910
374
449
444
59
391
811
810
389
211
666
684
534
239
487
720
121
252
140
451
851
873
831
152
892
725
307
559
316
528
295
842
344
580
596
281
207
951
551
980
95
451
997
761
372
647
72
812
784
680
332
392
709
858
105
100
358
746
791
328
888
617
394
34
156
903
272
966
395
751
206
756
604
620
305
625
535
804
461
251
266
866
208
954
566
538
834
502
955
513
579
913
147
980
830
973
839
641
985
82
41
155
668
452
618
283
187
616
623
473
506
132
270
621
72
927
435
857
292
654
936
771
756
436
995
851
666
660
59
597
703
326
942
181
798
784
766
433
518
637
82
27
265
282
396
961
981
762
979
699
382
810
580
318
837
610
192
226
450
181
931
326
604
654
202
401
643
471
778
645
889
178
697
955
17
462
834
912
608
545
925
402
392
935
299
350
186
346
622
408
758
70
820
943
326
211
308
107
176
426
739
530
833
417
247
208
215
712
437
768
617
987
310
782
382
980
270
120
406
244
65
941
227
881
136
193
705
657
656
488
583
353
929
964
703
555
156
957
475
15
77
51
513
503
743
60
131
381
563
808
691
542
409
154
632
50
993
94
687
522
903
523
354
44
801
204
730
839
430
255
247
532
40
458
789
276
923
194
70
269
334
584
307
426
198
75
786
794
657
524
874
640
229
84
161
396
876
370
562
214
0
982
376
411
634
799
199
182
409
397
215
751
348
579
830
593
653
922
40
750
2
93
58
739
406
17
493
750
871
507
585
887
331
168
775
671
848
680
940
205
868
520
504
345
303
114
663
86
94
742
427
697
449
625
785
975
540
714
1
77
323
742
97
628
109
678
456
487
808
966
370
336
889
598
970
21
721
304
923
271
489
835
445
931
277
650
852
376
231
744
591
425
54
968
802
440
33
328
844
453
387
763
429
475
124
522
481
316
121
546
580
312
486
650
11
124
810
658
76
579
717
235
570
769
253
903
405
242
460
276
468
219
224
924
100
853
633
729
506
586
330
236
993
338
751
505
164
845
668
722
932
788
727
217
744
375
11
431
82
430
624
477
782
706
368
652
954
968
635
140
719
626
717
455
501
402
952
287
354
342
148
209
111
653
975
535
48
799
330
364
10
187
508
579
444
89
621
900
675
992
447
717
31
326
73
250
449
905
354
532
295
297
327
301
511
337
584
373
552
93
131
610
909
909
52
495
228
639
211
796
790
503
494
852
670
863
232
70
716
188
662
7
331
611
15
665
668
92
261
548
160
350
173
316
936
17
485
366
350
527
871
434
932
269
870
67
29
315
820
736
163
925
319
13
278
431
667
633
262
681
521
963
171
357
12
724
672
231
475
470
159
638
559
260
572
633
601
358
254
601
514
279
116
609
161
851
886
989
297
915
296
593
357
659
517
377
696
425
763
536
552
168
514
363
682
429
568
82
329
690
132
597
456
352
782
343
93
381
867
761
294
197
78
677
550
819
213
642
668
988
893
158
833
738
556
200
21
338
241
740
905
237
148
784
578
6
232
868
803
767
578
761
76
488
925
86
763
966
221
412
583
201
928
570
275
220
156
180
724
128
242
929
171
502
479
876
269
420
162
954
23
496
192
877
389
496
963
805
128
552
542
35
456
360
764
949
876
214
286
767
924
368
468
898
185
473
60
261
787
110
828
941
140
744
534
78
493
30
515
508
970
629
65
509
911
370
286
175
122
230
554
3
701
815
411
249
655
486
344
893
332
452
157
576
836
269
586
417
439
28
977
334
237
152
605
748
833
114
807
730
757
398
31
531
52
717
730
194
304
706
972
344
81
0
166
316
182
964
897
861
272
668
372
361
899
200
191
340
298
505
587
139
305
195
60
987
968
359
306
479
332
865
82
333
516
730
923
765
473
393
599
720
691
719
784
576
379
20
949
878
176
362
21
836
959
547
249
660
951
72
90
175
125
203
913
245
610
270
43
733
940
608
547
167
434
29
793
596
356
490
632
798
247
695
252
956
784
720
865
381
535
633
736
899
904
897
418
122
293
684
142
937
898
510
926
947
680
56
41
820
630
120
823
762
342
331
455
436
340
340
415
848
181
676
983
263
209
522
181
443
250
137
217
750
453
882
848
86
809
292
91
207
203
185
84
826
663
155
292
532
160
385
484
502
850
155
142
768
618
283
561
34
223
667
392
407
702
387
695
748
296
322
815
853
487
569
38
504
502
752
536
315
495
116
341
881
239
686
993
444
851
739
996
486
764
410
891
622
752
735
297
51
732
303
287
663
898
117
922
968
423
790
646
208
126
292
518
221
76
337
862
789
845
849
738
912
274
862
806
116
291
270
446
156
571
183
423
655
672
600
15
925
760
97
961
615
299
746
421
306
955
273
260
238
935
773
331
114
267
11
72
873
405
816
177
975
771
945
258
399
269
831
631
680
485
579
58
641
886
265
74
998
89
504
356
153
899
217
485
539
129
65
143
379
312
406
406
972
276
614
408
313
548
248
944
460
398
667
450
470
643
558
433
955
445
706
102
327
682
600
245
57
104
691
971
68
992
301
152
536
888
34
956
14
105
729
895
73
855
930
284
549
196
279
786
685
816
555
968
665
152
290
931
141
767
311
645
31
25
910
254
944
734
55
292
636
229
52
953
100
466
845
803
868
266
794
1
21
577
211
235
879
528
387
13
518
846
221
911
615
961
402
512
286
383
246
899
90
825
311
436
984
725
42
73
753
992
560
879
875
315
733
861
143
328
208
98
699
113
174
270
62
795
403
224
958
160
35
380
652
317
707
662
455
268
343
39
749
413
379
221
280
224
456
153
279
352
38
728
755
620
974
572
488
944
936
197
275
171
783
507
404
270
934
553
700
771
663
130
625
384
733
396
565
849
295
382
511
394
553
604
259
280
355
419
191
636
427
807
347
428
391
340
546
939
401
46
664
749
424
516
959
957
636
878
327
86
514
164
222
860
296
915
450
342
935
340
460
391
900
536
550
420
380
616
4
647
3
680
315
821
917
77
530
716
354
835
32
661
704
138
271
195
126
348
742
43
741
727
243
8
761
711
845
78
756
189
85
484
270
773
512
19
488
931
129
837
769
642
6
851
752
703
936
309
808
626
900
472
101
337
318
512
24
720
429
142
708
656
148
692
54
470
362
649
208
184
64
548
111
262
75
295
177
765
0
147
875
670
835
985
779
661
128
637
512
898
628
971
501
148
268
700
652
104
465
763
928
901
280
406
855
612
793
899
357
674
202
611
280
915
256
93
323
790
738
361
661
350
61
640
186
579
914
541
896
303
786
638
435
212
405
817
961
133
959
916
992
914
218
420
318
156
187
475
161
128
303
88
894
916
161
921
35
226
150
592
46
715
939
659
230
538
700
164
723
819
586
603
573
65
919
79
139
399
931
129
984
765
445
831
28
987
201
236
598
607
798
338
398
438
288
251
976
691
99
915
584
421
642
693
705
17
470
637
722
6
418
379
507
113
851
510
595
850
872
975
613
468
92
491
827
101
492
762
535
484
988
478
876
166
139
93
180
575
3
605
388
271
794
131
583
815
903
592
511
685
811
962
986
51
289
445
236
788
490
279
43
881
765
936
924
358
645
567
525
689
461
100
691
983
460
768
267
882
361
407
36
467
965
715
980
258
508
666
749
308
611
272
624
109
654
678
259
656
741
906
267
31
922
939
810
730
176
103
235
92
200
810
898
742
924
766
596
34
116
687
457
470
934
984
919
787
398
596
116
361
203
145
443
726
616
860
296
867
580
486
985
766
230
202
361
394
247
439
913
395
760
655
794
355
400
240
340
886
228
542
620
930
538
854
671
528
266
128
219
81
560
552
19
326
36
381
911
38
108
428
63
174
790
31
944
720
890
530
105
481
205
246
834
678
88
315
10
48
910
895
978
572
170
142
206
997
462
508
200
4
210
983
28
189
187
836
766
149
524
945
883
942
365
156
79
867
272
659
717
625
517
789
231
648
159
343
288
204
994
837
304
359
669
869
399
448
105
81
341
985
781
951
420
48
205
217
817
675
435
790
321
230
710
486
428
882
725
283
485
275
432
184
721
632
215
96
954
118
364
793
402
617
396
457
317
381
141
456
500
906
322
999
267
802
486
877
678
159
742
13
704
154
100
571
42
192
310
620
604
727
464
162
350
233
927
402
350
166
147
27
258
927
597
619
441
949
937
628
875
526
997
210
829
542
444
793
452
696
403
65
404
882
827
574
434
227
475
467
100
422
355
138
630
568
130
548
467
479
110
152
916
761
241
719
879
681
768
278
362
624
407
174
600
134
505
293
494
814
870
418
205
317
72
258
357
147
224
104
555
927
355
537
815
260
570
572
816
925
912
69
953
446
956
446
782
256
908
943
895
929
636
925
530
118
831
65
244
56
43
523
889
423
747
535
394
449
256
953
795
835
360
762
605
379
442
966
891
533
473
156
88
201
979
461
480
708
556
453
469
379
400
78
550
935
795
385
977
666
660
342
902
444
51
250
943
893
658
328
907
493
349
966
769
784
458
497
124
203
767
642
20
589
846
562
361
360
777
115
54
291
50
841
784
253
491
984
572
858
992
970
908
960
862
224
468
847
102
982
969
47
736
341
232
581
558
227
521
696
591
12
498
444
825
339
323
595
597
156
655
574
430
554
406
157
184
797
490
834
951
535
356
716
361
223
612
203
7
471
171
719
95
673
802
607
305
656
257
473
949
299
464
613
688
897
327
109
709
904
128
964
870
136
909
538
648
163
348
979
462
867
642
503
884
150
889
245
109
584
797
274
869
66
49
815
514
225
577
505
154
982
873
479
110
482
807
892
767
273
154
650
166
18
344
902
734
568
897
293
644
461
337
803
451
343
716
630
764
84
696
736
659
388
791
226
285
283
692
946
108
134
937
290
886
989
801
614
712
507
628
843
821
28
393
26
466
12
553
932
444
223
462
20
386
647
325
732
466
656
521
224
652
474
617
779
705
457
639
212
662
960
480
895
179
828
537
526
21
344
576
762
921
20
744
407
486
527
415
271
204
297
671
945
552
107
636
151
12
714
78
905
553
168
248
120
386
438
271
299
720
472
157
632
226
420
955
972
23
741
537
569
776
637
956
786
539
902
812
981
127
93
702
420
271
483
4
156
51
242
662
773
419
952
928
816
424
79
694
353
618
665
292
716
115
528
479
287
667
476
24
430
277
986
316
637
811
357
275
876
689
343
430
558
711
562
438
461
806
269
708
430
20
142
759
867
352
464
467
512
463
876
849
393
918
785
752
57
125
840
877
989
460
51
734
813
874
268
95
272
322
572
832
692
132
927
88
684
823
4
356
342
203
673
572
470
463
496
701
836
62
555
238
539
197
780
682
29
665
208
62
840
56
831
719
432
307
574
759
465
652
604
106
876
599
300
619
45
76
728
168
813
128
712
707
859
267
599
764
749
584
418
869
866
160
57
383
884
802
509
429
339
577
939
25
809
588
797
371
927
35
530
789
832
824
266
793
431
18
338
139
66
823
529
368
260
623
919
973
626
677
578
766
581
971
819
202
638
934
954
409
832
79
687
112
622
820
136
644
883
839
188
276
736
102
106
574
915
953
756
172
917
844
998
330
721
190
669
830
224
683
322
953
507
960
547
133
36
92
74
755
182
716
458
698
677
626
408
206
244
332
672
524
293
953
983
915
747
272
378
625
663
25
679
543
732
717
932
853
609
90
475
888
725
187
568
618
953
194
533
697
879
84
591
840
76
329
382
432
376
340
176
425
423
966
173
405
81
20
690
397
329
224
776
401
780
762
784
893
854
920
437
271
279
222
586
662
936
870
508
341
928
616
41
175
244
252
273
958
333
603
10
151
188
959
675
637
210
972
96
820
338
46
819
735
974
56
74
253
662
570
836
951
597
169
145
838
32
514
795
256
125
958
112
814
804
341
47
363
786
397
194
850
736
724
320
793
137
354
844
69
810
581
482
719
711
58
770
388
852
350
845
868
338
676
756
595
435
449
376
958
390
480
820
113
745
773
902
171
17
234
309
894
668
722
280
830
195
114
396
671
666
562
417
283
584
327
340
621
797
220
8
908
81
831
293
374
533
414
98
681
701
617
831
969
776
381
862
939
503
446
679
343
424
624
839
305
147
848
731
453
937
32
731
500
318
696
192
872
179
866
983
517
390
520
356
572
463
929
674
98
147
569
726
315
181
546
302
557
598
3
777
106
74
39
638
694
118
72
551
203
976
95
278
142
114
475
883
997
132
167
913
244
276
974
258
45
345
846
894
236
52
147
698
532
89
232
726
880
50
664
835
627
393
213
450
338
350
648
284
932
877
582
244
549
727
638
583
225
826
440
473
443
795
411
813
245
582
706
499
981
950
549
116
749
363
913
203
350
318
358
516
939
488
668
106
739
653
825
171
657
518
854
864
957
812
527
319
36
498
664
264
694
667
648
907
401
986
601
951
217
329
185
380
208
562
287
87
943
135
157
793
919
154
462
219
458
166
321
690
840
561
812
511
86
544
274
140
717
735
624
789
915
352
4
381
723
767
333
474
985
927
29
346
921
593
492
982
747
494
855
387
872
834
252
629
938
29
622
911
765
710
806
341
808
286
944
396
508
936
243
220
155
382
747
319
372
530
214
366
113
199
24
933
120
741
610
857
2
897
772
444
253
19
203
805
975
356
127
357
291
173
732
354
880
36
309
660
916
603
581
83
509
443
419
204
487
778
87
251
722
854
30
868
420
827
60
578
225
924
962
334
838
578
639
110
490
271
812
33
211
299
372
124
102
992
717
119
681
546
893
330
757
851
925
308
569
411
398
933
305
652
622
162
622
663
887
64
617
215
602
913
953
25
668
583
43
89
132
160
743
379
260
382
368
110
675
76
208
12
920
569
897
855
547
24
545
139
274
369
873
221
36
874
128
315
322
432
217
846
941
247
110
815
731
707
146
343
508
504
551
133
463
863
989
190
162
455
60
4
36
459
216
736
998
727
138
617
98
679
960
263
598
595
223
10
326
697
349
378
943
230
140
617
764
955
48
450
774
490
204
868
408
406
50
174
736
260
479
733
222
268
809
892
900
918
317
384
585
625
218
53
199
883
642
338
703
690
897
304
798
751
244
841
628
207
996
723
510
258
379
162
737
340
931
575
927
757
529
33
823
997
322
180
962
346
705
191
578
720
877
678
245
244
677
807
914
722
132
196
909
346
48
63
623
867
696
103
930
212
516
118
855
760
678
894
241
279
423
362
749
305
716
485
313
512
682
166
393
769
62
271
36
15
765
342
345
847
538
958
622
232
989
575
608
415
904
266
996
325
925
743
910
442
559
861
721
75
246
827
579
312
575
693
591
342
714
181
954
983
725
934
631
398
240
846
713
923
291
53
144
355
597
982
476
21
330
291
235
28
694
937
159
909
529
549
100
289
376
172
342
927
877
578
190
438
554
634
789
342
707
844
124
607
889
668
551
359
502
172
886
393
460
684
119
272
357
385
912
875
857
886
933
932
318
260
280
328
123
475
277
92
958
546
822
127
531
772
166
830
235
31
230
190
841
935
656
612
590
507
456
671
254
278
970
699
972
721
752
55
648
105
580
701
191
277
543
174
769
634
84
987
947
727
215
13
36
26
663
575
69
153
437
764
270
540
995
73
795
570
754
840
148
505
9
643
501
61
387
894
773
729
231
847
583
987
527
549
688
444
320
893
82
433
16
368
667
683
907
581
582
254
455
642
560
532
391
319
219
698
413
31
714
787
753
15
408
827
172
648
178
870
572
496
935
103
316
706
767
975
587
782
180
131
662
154
358
234
759
164
716
426
676
487
212
924
765
156
688
74
434
177
795
841
644
636
311
831
126
376
344
224
16
496
992
472
864
310
757
136
474
216
195
200
365
718
527
399
524
589
213
340
328
958
118
424
692
835
841
866
372
648
178
431
719
944
401
393
980
882
565
78
782
906
423
117
367
105
104
302
629
893
740
147
865
149
815
255
81
15
900
192
722
73
276
60
972
950
535
534
342
394
942
257
197
52
650
270
200
395
377
890
675
603
534
922
87
397
181
866
282
532
560
189
204
967
43
299
639
993
700
681
278
712
384
636
803
310
877
527
856
273
481
805
450
531
530
524
16
717
29
469
810
303
554
92
881
577
630
820
583
845
161
972
841
327
966
780
729
253
439
570
543
850
119
974
821
513
629
548
978
96
870
369
416
256
127
358
155
656
56
581
947
555
723
686
652
75
157
84
321
308
529
283
899
41
893
884
133
613
648
403
492
221
228
805
451
997
305
827
908
118
610
861
937
323
920
158
238
395
319
846
188
308
248
537
700
505
393
651
405
999
180
20
674
582
593
154
827
866
558
193
223
398
748
279
979
9
375
471
151
855
615
123
696
801
552
423
522
729
512
925
170
849
793
564
124
174
503
776
776
384
710
767
683
570
951
105
946
636
527
37
394
754
920
476
466
721
504
314
284
463
679
263
609
645
428
364
180
733
875
993
660
243
312
75
880
261
230
702
379
645
308
763
387
756
776
324
841
878
455
511
342
515
441
548
582
261
748
818
462
866
689
607
909
226
522
777
188
208
12
888
161
571
492
434
4
201
415
11
947
396
340
751
949
372
377
224
181
296
815
306
430
689
117
351
587
45
226
355
293
239
347
140
203
661
641
860
844
994
268
312
417
914
136
627
350
160
666
172
129
78
978
568
862
56
399
362
334
133
13
282
805
658
420
126
771
825
217
904
744
880
679
654
488
996
259
217
819
657
488
948
442
98
181
168
232
955
92
628
471
515
84
678
518
380
406
231
250
84
318
192
634
936
600
606
886
299
357
556
764
452
884
990
562
505
64
565
951
221
465
71
887
473
679
697
654
18
521
983
783
682
414
363
527
79
795
189
147
674
442
264
871
649
508
300
465
364
398
492
541
815
479
167
602
90
722
841
299
173
645
372
23
200
730
6
5
629
160
596
877
247
165
427
144
510
542
932
508
906
219
644
575
75
642
823
318
872
37
565
641
729
513
245
139
807
257
616
380
847
477
184
302
493
755
163
643
202
407
209
858
100
445
897
782
970
986
560
367
238
726
290
371
861
430
279
466
315
988
76
815
150
395
495
296
668
709
946
895
406
286
492
916
535
455
491
8
917
131
76
737
130
996
887
411
89
497
628
621
888
353
270
391
431
738
471
755
307
507
54
36
899
54
523
914
462
696
477
748
804
715
210
225
6
731
822
539
988
804
211
188
74
753
113
678
617
150
435
877
83
211
778
833
780
460
936
176
782
311
693
158
700
185
470
955
308
981
245
828
975
383
41
284
979
987
922
299
988
900
435
368
873
485
948
435
805
427
180
882
897
876
693
339
490
494
972
729
162
557
455
91
104
718
438
497
327
650
540
508
250
964
190
46
878
250
774
884
63
849
319
859
779
523
291
28
650
436
965
596
585
762
735
46
416
592
450
632
554
657
73
52
232
806
874
199
673
548
936
96
48
895
521
39
913
152
105
552
675
769
210
201
432
706
564
146
498
281
309
754
50
494
408
625
272
457
119
700
45
242
310
561
330
10
907
423
47
376
567
7
983
525
726
369
439
756
565
483
272
940
900
130
520
723
633
113
531
498
338
20
719
32
132
919
702
974
25
363
600
91
544
237
17
273
933
288
26
816
433
910
107
972
947
737
323
866
530
734
792
103
843
331
361
920
288
443
36
347
891
755
42
125
8
525
130
324
183
281
894
52
552
849
869
532
376
294
207
999
662
476
969
953
68
842
924
829
436
300
26
627
929
653
552
105
585
571
809
633
946
714
10
930
658
215
885
320
459
956
814
525
578
691
876
753
159
463
997
521
635
272
240
935
963
958
654
864
166
568
649
326
864
528
843
272
878
375
911
374
333
2
242
619
50
881
349
173
115
694
360
354
665
758
75
926
755
80
228
71
402
217
451
910
754
366
825
589
669
559
311
297
23
109
51
938
289
443
466
258
323
650
908
817
337
786
555
928
421
258
624
738
64
162
163
677
38
664
319
359
268
323
325
586
256
199
437
609
103
371
904
163
112
614
548
105
698
363
20
659
997
128
482
698
795
198
746
951
619
520
960
419
225
929
208
244
287
65
867
152
490
434
702
217
428
501
665
788
593
220
434
279
622
91
523
138
666
22
416
975
731
347
236
764
933
182
507
197
681
122
924
545
380
824
514
5
303
613
191
375
524
35
974
69
288
104
715
312
54
106
652
736
306
859
820
35
132
886
24
848
36
18
34
362
417
821
429
517
466
896
198
545
567
767
210
608
793
500
240
169
858
293
921
738
314
126
467
791
366
20
315
757
89
403
517
450
777
907
608
149
445
956
79
16
137
651
850
507
551
918
679
73
73
49
9
102
861
387
384
298
338
388
989
473
615
801
961
791
141
808
169
12
668
448
173
673
958
131
539
594
896
931
874
268
250
369
617
772
864
525
591
887
505
671
177
666
546
258
259
134
460
488
642
80
366
58
73
238
128
411
314
373
436
137
454
614
898
902
8
231
610
729
964
396
748
733
679
881
573
317
998
506
521
745
86
778
715
317
332
359
240
55
109
48
754
15
72
883
201
92
648
32
599
418
202
550
625
844
758
854
920
881
719
311
943
468
393
808
871
210
866
570
155
633
631
808
321
434
573
669
39
753
39
452
869
189
745
14
123
739
898
279
936
958
47
188
303
558
695
104
368
500
459
246
263
205
506
529
363
762
749
339
406
452
832
876
813
577
847
964
149
192
907
146
405
182
105
235
637
957
178
431
400
524
742
539
890
322
260
611
699
398
336
299
118
557
412
579
383
479
304
682
869
195
332
19
622
657
703
432
882
425
228
523
216
989
590
374
35
775
27
371
85
187
304
765
421
79
185
4
557
865
496
508
613
970
1
216
536
256
734
452
423
323
498
580
196
503
271
693
958
17
106
528
124
482
593
3
626
350
350
648
798
900
227
15
809
424
463
723
245
797
793
176
542
508
561
654
563
232
677
37
490
443
19
610
726
555
110
486
88
318
117
433
917
238
71
821
904
398
815
403
674
250
868
194
571
609
929
867
866
584
221
630
181
895
729
255
907
87
872
786
491
335
537
406
632
288
361
440
29
918
713
893
547
636
222
746
123
981
682
997
961
692
214
117
226
890
443
548
828
607
631
436
11
121
546
488
250
578
481
549
279
741
336
167
960
952
327
245
590
625
300
728
199
892
499
863
753
12
365
718
773
96
70
992
814
860
741
356
811
543
249
253
770
181
851
973
987
165
3
462
144
164
343
997
873
104
547
313
168
519
962
925
597
435
608
511
408
435
314
541
612
578
899
860
952
62
31
598
210
462
562
574
79
342
231
877
612
128
18
356
418
958
605
80
614
880
665
780
117
853
493
790
491
874
224
986
418
779
136
225
333
228
322
107
811
444
916
6
127
352
994
266
684
927
213
246
617
594
803
373
420
714
40
716
347
560
142
140
564
106
32
199
118
799
228
629
687
963
184
829
849
214
732
129
844
271
757
634
7
402
927
578
626
368
799
616
980
536
52
246
336
280
32
798
547
342
890
238
491
728
176
43
303
669
268
682
732
399
741
602
921
970
430
420
130
409
737
224
142
577
539
124
211
933
427
436
591
237
643
327
811
118
45
83
793
351
12
636
836
171
233
180
50
780
680
394
932
827
799
428
273
860
206
147
299
931
452
999
548
672
977
382
786
946
799
617
533
232
633
128
821
728
659
569
930
236
581
965
700
753
574
484
240
956
696
770
740
222
98
758
556
910
272
398
516
981
429
522
959
347
909
550
450
950
41
714
93
485
516
563
149
716
811
498
370
980
698
484
664
382
627
660
731
191
744
835
220
46
126
802
726
6
695
115
563
365
45
392
953
22
130
126
444
776
308
707
432
472
965
47
890
81
108
262
866
30
357
567
479
866
188
987
4
285
789
656
393
454
707
425
26
126
134
534
330
628
391
7
612
260
198
597
739
385
471
178
449
239
523
814
745
182
793
357
375
940
701
837
726
769
537
781
81
357
184
287
61
882
506
461
29
908
935
30
292
172
613
127
85
314
27
121
250
572
402
682
442
271
836
811
112
705
393
942
18
851
604
728
464
690
908
190
492
911
948
162
611
698
294
578
72
743
700
561
308
301
307
123
668
260
194
841
350
842
767
976
935
488
199
883
507
897
579
445
79
744
697
616
468
836
441
930
653
910
901
271
342
123
222
489
685
702
651
296
118
786
75
620
630
972
880
257
531
630
350
648
276
254
263
678
676
28
466
34
748
293
601
202
739
930
67
130
876
110
523
287
686
830
665
42
874
716
683
293
284
822
563
626
18
506
546
47
744
218
621
765
187
30
258
674
343
307
70
306
567
98
20
896
619
564
5
230
993
81
957
216
334
558
863
873
752
689
593
798
703
924
654
825
790
933
552
458
782
86
514
722
512
983
586
477
497
906
955
742
448
587
259
536
199
462
938
93
935
351
107
354
468
94
867
90
43
455
954
383
22
701
22
233
697
310
416
332
574
102
499
827
482
188
847
459
188
350
580
113
103
619
507
344
20
386
943
777
854
208
681
482
472
705
858
941
392
634
688
515
187
345
351
540
597
46
76
342
190
542
818
680
35
756
423
350
187
526
333
482
215
157
925
666
240
295
461
44
494
970
174
345
55
565
340
776
885
750
832
107
709
896
213
498
757
396
549
496
172
104
551
478
398
433
641
692
990
921
193
842
800
465
340
58
862
537
477
102
532
944
591
838
981
710
321
548
13
455
220
875
390
677
172
661
683
80
335
224
870
34
869
187
223
642
885
962
967
493
862
310
520
580
539
910
368
474
745
30
826
231
849
997
496
565
963
980
174
297
790
364
85
576
88
53
629
360
475
228
778
830
533
949
758
984
372
468
419
825
531
399
987
183
860
561
89
615
705
382
368
73
268
14
328
794
391
709
995
433
343
194
921
35
916
204
819
650
775
56
109
685
495
717
224
385
63
763
947
960
778
901
351
462
843
319
356
92
694
299
725
493
653
594
388
610
792
433
101
840
377
582
884
337
897
883
777
491
641
59
812
508
391
953
118
774
994
470
327
20
96
814
512
907
714
943
639
349
131
545
598
31
258
475
835
824
881
971
919
32
898
387
797
837
560
797
455
593
143
948
901
791
882
603
223
216
155
788
519
35
635
8
39
468
178
640
958
500
372
67
969
665
423
514
363
889
776
927
450
515
773
328
793
897
961
369
596
853
386
546
113
570
37
544
376
398
202
201
99
397
449
812
815
939
117
420
242
540
226
500
851
212
929
698
112
372
298
672
18
775
670
10
7
152
624
659
549
134
372
460
934
234
254
585
327
361
373
787
208
266
655
996
553
735
857
505
563
420
307
136
418
194
94
489
902
257
24
231
331
605
861
220
296
202
947
342
592
204
992
960
891
999
76
549
706
975
41
454
181
756
194
589
831
975
387
926
636
140
26
314
320
447
792
292
753
235
714
456
891
838
653
605
663
764
66
175
509
614
90
704
165
601
837
826
779
437
50
677
685
738
265
520
86
605
51
178
277
238
584
338
71
373
579
516
850
237
465
120
412
722
773
836
569
42
503
196
71
90
548
490
825
748
997
382
804
465
153
169
271
917
109
150
430
450
642
779
22
366
650
819
238
433
952
703
126
941
540
632
197
685
655
481
178
868
522
650
958
436
764
856
313
18
159
817
121
71
54
459
168
610
581
148
628
25
247
896
720
226
922
945
625
705
483
832
9
94
120
125
548
68
296
685
500
972
44
634
381
983
26
704
496
851
135
706
48
607
506
120
760
984
216
625
525
573
42
922
751
95
26
835
894
241
486
970
239
303
66
280
191
118
151
776
391
230
350
760
570
528
170
862
963
131
356
647
41
304
5
328
169
967
799
910
337
726
68
881
538
736
833
506
745
485
442
923
919
50
148
926
586
817
91
367
935
579
746
873
655
75
85
226
362
958
567
591
23
738
27
120
489
604
852
623
889
344
998
30
654
878
809
226
869
249
49
725
891
388
943
780
287
706
765
590
474
755
602
925
5
792
411
957
661
323
398
281
190
785
584
958
829
499
579
815
433
62
452
492
645
441
306
779
734
942
125
264
6
412
205
178
467
495
694
991
442
951
917
227
747
145
569
295
240
856
286
951
674
25
451
105
239
851
417
331
911
890
41
644
828
555
34
875
346
383
512
737
810
287
747
870
958
32
94
204
620
833
29
265
22
608
38
172
759
890
412
413
673
691
614
208
21
4
650
213
671
919
906
138
656
671
594
666
799
316
792
575
703
155
423
499
90
653
41
760
294
769
336
0
108
927
978
124
63
205
414
953
849
243
589
622
653
215
964
527
964
565
652
379
847
78
414
452
148
638
669
790
37
156
332
287
111
701
617
90
865
812
48
160
515
401
709
319
923
363
888
441
474
765
601
311
531
588
219
673
496
342
905
626
93
917
132
500
171
625
8
810
771
681
320
97
168
959
310
729
913
911
342
429
931
857
961
555
499
772
284
637
259
494
354
213
816
199
235
852
135
889
947
627
964
916
666
421
900
340
828
903
341
529
387
3
676
638
398
421
410
212
559
557
557
47
186
501
631
643
970
530
952
786
474
743
41
603
260
47
920
962
793
585
727
445
220
620
646
939
342
237
154
937
840
55
386
893
908
709
314
37
340
850
728
230
451
341
452
256
433
208
200
136
639
564
855
393
595
720
844
796
35
214
26
657
17
629
136
578
902
825
974
29
72
122
956
