COL NAME: col2
1459
1095
121
1482
871
1332
1437
955
1337
856
510
975
686
1590
1154
20
387
241
897
955
775
1104
1411
565
1500
1579
995
1294
1275
1748
878
216
492
1836
520
1495
592
288
230
134
929
406
98
1570
1966
1028
397
206
891
863
1020
484
1678
524
1266
681
1012
1643
1981
1371
1248
1981
1768
1479
1700
683
1397
1256
1520
1533
1136
1104
641
1759
1661
729
246
1207
293
1633
1534
1224
463
763
1369
1171
488
550
1802
150
262
623
1
1675
1014
1682
403
1696
1648
103
1135
152
877
1186
160
1300
1919
400
459
1398
37
437
225
283
452
658
1072
1243
1396
1768
496
1122
190
1184
17
569
1815
853
154
1127
245
1705
1841
827
35
1799
971
1115
726
1688
1148
1365
837
443
1076
4
876
46
1843
635
656
1627
740
790
1012
512
1661
487
1295
580
1986
1458
1308
1070
957
911
340
1277
1785
1123
1929
1631
515
1782
159
1931
1568
1450
1600
1066
11
1276
726
604
1021
1926
1649
1399
1020
1892
738
977
662
1803
278
1821
595
396
1635
1938
1819
1587
143
395
1492
1167
1716
397
1186
1866
1032
912
1197
1416
1217
1445
1388
1680
1324
1275
875
713
1149
753
1683
894
386
504
1432
1140
684
814
1236
1699
1464
1328
1536
1282
970
783
1431
1145
1671
539
739
958
1747
924
1276
255
449
1265
1142
1088
176
62
794
1633
384
475
1893
996
1481
1101
50
1469
1823
1095
673
1914
1077
1757
623
1230
577
1445
805
797
446
1504
541
80
137
784
68
1473
42
110
847
1935
899
1887
671
1074
1489
533
644
1069
1753
793
213
106
336
7
1715
55
27
364
1335
1646
1774
805
1215
713
1254
811
1235
66
110
33
1392
424
1305
1975
1764
661
1526
842
1630
758
1063
1246
1755
645
503
193
1049
1668
835
531
0
1573
1534
1696
260
897
1619
328
910
1629
317
333
1160
512
1595
1802
1851
1188
77
600
401
615
1660
574
144
1985
103
197
1202
1523
1312
419
1120
950
597
1658
805
227
1719
1284
843
94
1315
68
1865
711
301
140
984
827
355
887
1129
1401
1052
1749
813
1645
824
566
660
1160
116
574
74
1233
1552
875
663
709
176
661
1492
1107
1653
1724
1792
214
722
284
285
17
1198
987
1701
1920
1894
1481
86
1201
832
442
760
1074
1287
1111
813
1523
909
6
150
1404
699
814
745
470
260
1757
939
853
713
1750
1905
520
1304
1301
665
609
837
41
33
997
1652
1848
167
820
1424
701
129
1728
1394
1802
675
743
54
405
1785
1490
1872
481
1524
1040
938
1062
1252
1501
274
816
1592
11
338
1750
709
1112
1945
46
710
980
1805
136
1521
593
934
1513
1182
187
804
182
1550
1372
721
1449
310
413
1164
1762
28
244
1463
265
339
2
1693
292
948
816
1163
938
1463
10
1176
1594
1598
1516
225
752
1797
1070
1122
1596
689
215
780
328
1633
1346
1672
1355
39
954
974
1924
453
972
592
223
697
1889
1772
1170
352
1704
1368
190
6
825
425
1460
81
588
1247
1136
1246
855
1349
585
1854
1245
1219
1265
1040
1929
473
1293
715
947
28
878
458
1453
1122
1294
1098
1710
1482
1405
988
868
1682
1530
933
1186
791
491
1083
1628
1050
386
692
898
1176
1296
1763
1016
1013
1367
1740
273
1518
10
101
213
400
1695
1109
713
1888
1768
588
1126
89
993
1328
1986
773
1439
1287
1341
250
1107
1337
514
873
1013
908
121
1379
1654
306
913
1375
1666
34
1982
1355
158
403
1387
151
607
1140
577
1797
1394
1291
1575
866
751
939
374
1004
1851
503
1766
1880
1252
459
918
1033
591
843
132
971
885
1956
304
1847
1925
1939
968
281
1058
1082
690
275
1274
1329
1246
1201
1875
1836
745
1364
668
1518
1216
426
1168
743
1863
800
1999
1092
1243
1989
1704
584
488
1404
1637
1617
850
1367
724
710
827
304
1963
967
961
84
1473
1244
1156
1323
943
497
1004
1014
1147
714
788
1825
1007
1562
290
1443
1968
1368
1374
908
311
297
1475
1408
1385
886
725
520
377
583
1177
49
1083
145
992
686
1249
661
418
1546
1100
920
262
1577
1960
1303
1603
287
35
1699
1376
998
827
427
775
66
57
1153
613
1494
661
452
1326
617
54
1423
514
1302
629
363
148
977
1184
1573
1677
113
340
448
1725
1489
405
1339
11
677
1181
133
947
1428
129
1811
1985
1312
832
237
482
1676
916
1102
1035
91
1555
446
42
662
1540
344
689
1486
1928
1179
262
608
1575
1403
419
1713
1726
518
1549
1668
1597
741
1494
900
241
337
464
394
1791
509
623
1250
1948
553
191
424
1583
241
788
801
199
955
466
448
844
42
407
1668
1849
1674
1414
1514
349
137
367
1671
328
962
835
216
766
1699
769
159
1311
521
1425
487
984
1748
685
121
38
942
1021
301
662
255
1368
1804
212
1585
87
1706
695
18
1830
1151
361
128
448
1247
1514
1919
922
1036
597
565
1037
1400
1778
1847
131
1043
226
1492
201
187
272
1244
1764
499
535
1938
914
210
1099
1140
18
1373
480
1136
1326
1141
197
1070
77
136
1528
49
1648
709
756
1325
1855
1097
1605
742
640
1861
1851
1566
547
875
1243
1243
1871
1752
840
1642
874
689
638
1226
943
1689
141
20
1622
304
852
424
1731
326
592
1377
1704
528
197
852
1135
97
636
343
570
242
31
1177
883
743
627
1404
1819
65
1922
1577
678
378
708
267
507
484
904
237
827
385
876
1898
219
1543
687
989
1810
1930
1152
1012
1185
1529
1663
130
1939
1021
1499
1509
1595
1473
456
981
1821
1783
980
40
1337
1199
836
1806
723
1089
155
200
967
190
1944
1214
1652
459
1890
209
1274
1626
549
839
1565
1904
269
661
946
1736
1350
762
1531
397
1852
285
1399
1226
1978
1731
513
1621
1278
1085
267
493
660
1892
1012
1347
727
1324
331
558
25
231
1811
131
539
1964
193
1384
1957
1745
261
1490
440
866
1455
1712
48
1159
864
1780
617
232
816
1812
182
1727
906
1580
18
956
1263
102
519
1366
726
849
989
593
411
1760
654
958
449
1289
1141
1563
666
1701
295
267
1334
1380
1150
1431
276
419
72
1211
1474
846
359
1848
1952
439
1219
1216
1692
1442
1498
880
1415
1463
1054
1457
1367
556
1453
1586
124
1961
1572
1058
785
76
1523
1007
1188
673
1402
1577
1586
941
299
1522
1303
1134
434
1787
1784
164
1307
163
1114
1845
245
1510
1207
1017
882
619
581
1251
1981
1946
498
1972
603
771
1071
115
880
146
442
1517
1137
1749
905
276
1704
1309
1186
793
541
1315
910
647
200
546
1558
1997
1381
1794
1708
82
1089
161
1381
1497
1950
1474
631
1653
1830
1693
1426
1304
182
1097
1589
1905
1901
846
259
775
1950
1783
872
1464
1884
1749
1111
389
1855
632
136
1475
818
197
690
470
1851
905
1940
928
1808
1629
978
809
1327
1576
1681
1259
1036
1123
648
1845
1878
1928
1827
325
487
355
226
117
1067
557
1815
397
386
1803
540
1401
1856
783
1627
1525
174
1444
1524
1977
1661
554
1670
456
224
1479
643
488
411
470
1625
1668
433
539
1594
361
1417
266
1383
1435
1072
215
558
1265
4
458
945
14
276
1317
209
1932
989
1451
1184
332
1691
271
559
1113
1162
1042
153
882
1377
244
1270
7
1629
592
753
1067
1571
1961
169
1590
789
348
1196
1461
545
600
1858
1629
1382
1040
860
323
1081
1651
1738
1913
353
732
650
98
402
1326
1668
790
753
1927
111
1517
1913
706
39
993
1858
470
278
253
824
565
1673
1957
1538
1838
1534
1988
305
536
205
1402
1574
212
752
937
161
976
725
1583
1658
752
562
894
1806
1221
1401
312
680
581
244
560
108
1872
1123
1475
42
77
673
727
901
1191
282
524
1506
890
1683
1174
882
1229
1649
1202
1863
1149
1306
1120
845
1082
1903
196
1702
1107
214
127
403
830
1415
201
1593
680
1491
1712
386
1826
1815
153
218
19
1131
366
801
1742
480
744
507
1088
820
946
1271
413
880
816
1920
1260
1823
656
53
1530
1947
1628
1945
1808
169
1703
150
1070
1389
801
945
1184
1629
1361
1187
503
869
602
493
508
294
864
1873
769
122
419
1572
1889
1162
771
1596
1859
822
1777
1061
644
241
302
963
139
745
60
1879
1837
1412
1385
96
136
546
629
464
1986
725
1700
1581
1942
1639
645
661
720
937
1673
673
1034
1582
117
1687
136
1504
1959
1948
140
92
559
1340
855
1292
1474
1126
1597
250
540
1403
667
1856
335
946
717
961
898
541
434
1759
715
291
824
833
531
1769
2
39
643
842
95
897
904
1505
1071
1224
1391
1503
1378
43
1115
1925
1423
1812
489
1597
1468
527
1848
385
649
1359
1201
790
1392
504
1986
989
1401
867
998
387
837
203
768
1093
1698
1143
901
1722
1948
229
330
1573
1675
1114
1474
350
780
458
949
1327
165
113
1951
1258
1231
137
1596
682
938
210
1645
1732
1586
1923
1491
1738
913
1745
276
1448
1000
1874
1283
1995
942
653
1135
1066
1141
642
1117
804
1827
1991
1173
295
639
1167
518
1262
1204
1534
211
1774
1287
1757
1766
944
1373
1546
363
275
905
484
1661
235
1930
1116
649
1443
100
1246
382
1494
1398
1213
1289
1943
1851
1088
1513
180
789
529
1936
1998
1548
39
980
200
1061
760
911
186
487
1252
1016
1630
1095
1210
119
1474
757
607
246
5
905
1099
348
307
286
1619
387
937
499
931
1996
1351
1709
1497
1958
1496
1025
912
607
1117
605
848
142
1387
383
1848
1390
1866
1823
1260
903
1291
1065
614
1504
1748
1591
613
498
1968
855
1473
870
1170
1573
1267
176
1292
976
699
251
1719
209
446
1743
1515
911
471
536
1273
1001
1983
1858
1977
270
1716
161
139
1711
1269
1922
851
1492
293
877
1048
889
874
470
660
1686
1265
1008
572
1260
55
1884
751
1723
107
716
959
731
614
1518
1587
1462
110
1214
404
677
701
601
848
773
1262
1845
1776
674
981
1240
1028
709
145
525
383
18
1003
1938
1951
1895
144
1088
1164
397
1774
1743
1411
1887
770
1806
1510
582
102
975
657
732
170
452
1657
1116
1641
1913
1225
375
1129
1119
848
415
1314
1903
762
1339
224
1256
1106
1070
29
1271
1609
1517
638
1378
1801
1620
902
893
120
1018
1778
186
952
238
1723
1781
1946
1286
1965
11
16
375
1860
795
75
399
1203
796
1454
460
164
284
830
223
949
1810
1450
1891
1390
1010
1139
147
1073
1878
277
1323
648
579
1182
1876
1630
186
193
143
244
128
3
305
1248
320
710
1795
1994
1354
194
181
1921
1619
1119
297
1015
302
1260
753
335
1624
1096
521
1711
577
1699
1694
1308
1179
279
845
1933
331
1708
638
439
940
293
1900
964
1778
709
1004
1734
1579
494
108
615
846
1310
82
799
1747
1820
1630
836
71
939
1958
1948
610
192
1134
1948
28
130
1498
1644
1795
986
1932
1499
876
1991
1775
298
1043
1574
438
1065
609
901
1392
1890
51
262
1347
1893
1586
1844
1292
1589
259
6
1371
790
366
1077
1187
797
719
1116
1240
506
1269
1343
1542
1008
1464
1329
512
929
426
1536
456
1788
755
1567
1179
1378
1054
1574
1062
1693
107
1553
1478
441
1772
1735
1124
1380
32
1653
904
1782
1725
1715
1973
1706
1444
1978
579
880
1473
1449
1108
1886
223
432
1685
196
1466
889
122
777
34
1317
1090
339
596
1878
1519
1356
838
1813
0
1645
305
1723
1869
1814
1450
1164
657
1464
1178
231
480
993
1541
1510
1732
849
1993
1854
1137
1738
1332
373
232
886
1525
438
698
890
1200
1633
591
1366
527
684
1462
1767
64
63
918
490
1248
918
1489
679
1073
645
108
1113
1612
100
1424
1560
133
549
1677
1526
1687
1264
1772
152
1149
1935
1942
1205
1065
1871
1425
44
1093
1514
1033
955
1352
190
1160
271
1843
787
1793
937
1118
1519
520
1634
1932
1291
72
1781
1638
1876
178
798
1206
664
731
1730
1610
324
955
1341
1384
1515
269
1635
304
231
1755
1577
972
545
1943
284
1872
1561
1505
1189
1625
1207
1351
1759
904
190
1058
236
0
966
1146
1952
164
1762
223
1469
446
414
1047
1073
1358
270
1799
558
983
1951
752
1469
888
501
1727
13
385
1624
339
1045
305
938
502
1958
592
1683
1640
708
264
831
1462
877
960
215
1105
1567
1128
1605
1622
1079
1041
228
425
918
761
1858
1641
469
493
362
1869
1867
690
1434
1717
1407
981
1851
988
125
553
1181
121
470
1463
1910
1505
896
709
896
1551
1077
987
1727
1722
692
1185
1229
607
433
651
872
750
210
1120
460
26
547
1242
1153
847
1743
1570
412
680
1337
1066
1596
517
1113
916
1120
1705
55
1550
1744
497
1315
1294
1813
992
100
1189
1447
656
1153
983
1296
1117
1364
924
912
1747
1552
156
1018
558
1228
987
857
1177
1456
1154
272
1719
1072
1735
1653
867
821
1560
143
486
147
1357
1357
1144
962
1945
619
729
1613
747
1839
745
1228
303
1299
1206
1535
1362
237
1379
179
1396
1583
1178
815
522
377
1316
92
404
1290
471
1549
1675
1261
633
957
779
1420
213
196
1104
391
1470
840
1674
1545
1031
459
1461
1684
678
134
1445
1579
1398
1680
919
711
1876
800
731
1995
1609
1961
24
56
342
454
257
228
434
401
583
308
176
1241
524
1065
861
1274
139
1016
111
1205
1282
697
897
593
971
1926
1227
253
782
1482
1192
654
1798
1378
1763
899
956
1876
1008
460
989
615
873
1625
352
1860
283
481
614
569
421
70
1124
1706
398
181
1013
847
971
962
657
1086
1997
1278
1051
1651
1536
1808
855
1781
1469
1155
835
1584
381
1390
1834
688
696
1562
477
706
1137
1659
1492
1067
1269
150
916
36
44
419
18
1784
1530
54
1320
1913
1467
391
1766
1748
68
478
1701
1507
1869
220
1401
261
1977
126
982
693
631
1733
1407
1410
744
638
1459
1207
1394
1622
1345
1926
41
1040
574
1552
1396
1104
428
1693
284
1687
1961
1233
1738
640
1288
1723
1234
1344
640
1850
891
1965
529
1105
1502
931
1978
493
546
1755
1491
1227
1173
403
67
0
139
177
907
585
121
317
502
1521
1202
1806
1380
213
1602
687
1399
1254
1669
1993
722
1539
258
1191
1502
1319
845
1808
354
1612
1371
1390
226
727
1574
692
1143
39
172
516
838
1897
1735
838
446
737
395
1580
1942
1189
1624
1884
1075
1262
1189
1501
649
687
224
162
349
1850
180
1815
1337
127
564
470
1934
350
348
178
1026
371
1465
20
1069
1994
1728
670
280
1986
209
959
257
188
1099
48
688
1005
1369
1049
270
1679
46
207
1857
1113
1197
775
831
370
1471
1081
1272
1629
501
1388
838
1116
431
372
1272
1996
1840
839
553
872
833
922
1449
1148
313
825
1025
403
1235
762
748
1794
1239
1836
535
1559
15
1230
1802
114
1506
977
1001
314
6
1892
1000
1667
675
1024
1135
438
594
306
1132
1379
691
1487
65
1835
1308
784
1266
560
175
1888
1977
754
1252
139
1782
1360
1097
812
928
1597
1137
389
334
753
1254
1922
319
1745
569
997
1485
1828
235
926
1055
541
642
1821
61
1560
1323
1416
808
46
1868
1129
1847
996
1477
396
125
810
809
522
657
947
1716
254
1287
1352
280
718
726
26
1969
1723
1632
1670
1095
1908
132
1435
1888
116
1740
1711
1921
49
657
987
445
1997
1561
1933
943
600
1417
1544
920
1209
130
837
496
614
132
605
1114
721
1153
943
355
1197
1013
553
1968
754
833
1255
505
1327
1525
805
832
378
555
1040
505
230
301
68
1092
961
422
114
1546
616
870
1412
860
37
1656
1704
818
1931
370
260
696
1915
68
1184
211
883
550
991
814
1521
1612
1009
1348
1353
145
452
1250
1686
432
400
185
157
1463
445
1511
1951
1554
1655
920
343
1423
221
1030
15
1776
227
808
1688
436
1989
768
225
1049
1205
633
1820
1933
1465
1726
1210
1901
136
1863
85
859
1802
998
402
938
540
1387
243
1189
882
1729
1162
1021
1737
1726
1716
1435
20
1234
1723
1174
845
370
1977
242
554
213
611
769
1872
1179
976
370
849
279
1070
757
555
667
1942
745
1065
1229
1671
308
99
1377
62
1316
935
1894
52
1513
1030
834
1001
1263
834
1724
1897
1327
815
1907
1426
1359
1214
1790
1741
338
1892
1455
1797
1244
712
224
182
443
1259
1938
234
1575
893
1633
1442
436
1304
1974
1301
806
1325
420
1569
1918
1901
732
1136
852
1783
64
301
368
1035
176
629
217
1383
899
1015
1438
707
21
1760
1018
639
873
231
1004
1315
656
1116
1946
462
1163
1991
858
84
239
1412
1880
838
61
1142
391
1312
1903
751
1385
634
19
1554
165
616
1835
912
1961
1880
223
1450
229
1988
1880
755
695
603
790
220
1813
787
1316
1909
1658
241
1013
823
1666
1441
875
1417
1937
442
227
266
488
995
871
551
180
302
1263
682
1904
838
48
1651
1926
604
966
1352
1475
652
1958
1419
1694
908
526
1894
705
1612
939
1637
961
983
1606
1692
1810
1648
1627
1176
626
91
1356
1075
798
1901
921
1532
1877
1029
1141
1974
269
148
1807
1755
1496
1102
1685
140
588
1869
626
994
11
938
1364
447
737
891
971
154
804
433
1688
1991
869
738
301
1957
1009
1315
1164
183
1310
699
1794
1346
1806
1161
1585
1937
599
993
1957
1418
768
1171
87
789
1309
1293
23
1484
663
1359
1520
1834
1721
1947
1161
430
799
1394
633
669
307
801
584
355
1475
145
1190
1071
463
370
164
729
956
797
1105
919
643
1425
1199
1224
1660
596
1806
1529
1238
235
1925
1032
224
1828
1085
163
1543
1620
1231
818
1124
1545
1830
899
1161
379
353
1717
1536
1776
1519
1392
1674
98
798
521
314
1565
1043
1316
1077
264
1481
861
1153
1129
1780
1932
519
1137
1162
1939
177
1949
1694
1468
707
1382
1202
476
1176
1734
1368
1449
524
143
1442
84
455
1985
679
104
1155
942
395
1698
1704
19
1968
1127
1233
252
1159
1259
912
701
1700
1076
947
683
93
1882
507
380
1864
409
550
87
1100
577
716
141
1166
151
957
655
42
1660
1357
176
560
1821
849
1814
1836
1294
1253
1269
734
1973
1089
1863
1889
1078
271
1340
1154
1315
337
1510
1592
132
375
110
1181
328
921
762
12
1855
1635
1074
1846
1323
663
1640
1000
1675
1515
536
1034
305
1378
1037
442
616
520
143
256
1423
1195
1175
1874
1306
496
579
361
383
1904
1238
718
1403
599
1038
955
1051
1451
1789
1317
1127
939
1299
1081
1519
1181
1777
1843
835
873
446
1835
217
277
1009
753
29
85
364
904
802
179
1186
773
352
1248
117
589
782
868
1561
1014
1332
1613
1276
1074
121
1708
81
1296
1596
329
1134
709
538
256
898
676
549
1966
1637
1362
1758
1715
1505
295
1891
824
986
1645
364
1815
1795
273
1884
1352
59
1974
910
831
625
997
958
1911
1792
394
1360
729
1288
384
1749
804
973
324
225
559
925
256
37
1594
382
1456
1454
68
1472
489
1682
1025
1979
1808
915
56
1201
1294
246
636
1629
1111
1936
1596
538
697
813
1000
1852
1103
819
1738
1845
492
1896
1578
1572
643
1912
80
374
667
1450
679
1672
463
1641
637
336
1011
904
1877
769
1566
1546
390
1149
1499
1810
133
1585
22
964
1187
1206
1113
971
51
1090
777
1860
1972
1283
1986
183
290
478
1666
284
188
387
416
1494
451
1758
1145
1290
450
1525
789
890
1888
1419
1446
324
1054
864
471
588
563
466
1932
1604
1979
469
285
311
964
1486
964
1829
896
511
199
1708
1241
798
832
1138
690
845
480
1676
638
814
415
166
809
472
1773
489
891
349
306
739
734
992
853
1133
1824
1291
1567
341
979
1033
1725
636
1459
660
456
1836
1660
203
516
688
1461
1048
679
1118
892
1871
1670
1854
549
540
1764
1292
267
32
1463
721
1882
1079
1220
998
956
1161
552
1252
1744
560
1503
122
1671
1803
94
253
1534
541
1938
265
332
46
209
1545
1284
1511
739
194
849
827
1436
990
1834
626
1187
672
1626
1475
1589
606
1100
1837
1886
1093
1724
1147
1951
449
694
1458
1109
1160
606
601
1095
1835
222
433
883
809
1611
1278
169
344
1361
1711
810
710
1941
1804
437
796
1698
1124
684
709
683
1542
301
532
1404
1257
738
1462
1789
964
1198
1694
17
921
1851
1591
1915
444
529
1606
1885
316
24
1137
1189
0
1597
1741
1273
897
1919
1167
1699
232
1319
705
844
1642
591
427
799
145
134
490
1026
1133
1459
901
1497
482
930
1169
829
758
501
380
1934
1001
54
1963
599
1750
234
194
0
412
234
1504
415
1074
640
622
1165
1644
901
126
965
150
1128
496
157
1334
675
1486
1893
94
682
1507
1446
1835
669
1689
1138
1786
1404
1524
1486
220
7
1417
1698
796
1493
1537
481
1219
211
1897
1177
1971
513
641
1264
1259
1223
1525
1257
415
1384
161
124
1930
1513
958
81
922
448
25
1568
606
1611
594
1854
1627
1159
1499
1203
762
1128
48
761
1825
1660
697
1801
1720
1979
968
1842
1349
757
1907
409
770
1723
819
331
746
1929
227
817
949
1645
65
402
111
596
323
1437
888
1377
485
1203
442
92
1231
1596
317
453
1210
186
131
1823
1122
581
1082
1496
1616
53
1341
832
281
1654
640
340
1718
1106
823
1606
121
1339
1828
752
727
1239
901
17
740
1536
1894
774
412
1839
722
1940
508
364
1497
58
762
855
764
863
1021
1109
1649
908
1732
484
1715
1757
1443
815
1670
1396
1594
1950
585
1380
1907
1738
1116
329
784
929
1670
645
1660
1833
1108
675
36
866
1921
1894
1663
971
1829
414
681
652
121
310
1515
1510
71
1117
1359
1891
1277
1780
700
983
340
815
463
416
1669
417
1295
1609
1151
552
570
1047
591
899
936
582
1244
1720
1265
650
422
1612
1878
1950
1627
1387
876
1618
1135
1703
303
437
380
668
1572
1573
754
726
1331
874
1759
607
634
1074
1183
1790
7
539
1251
1747
1818
347
1067
1165
448
1742
1266
439
1849
655
1708
1717
244
1406
114
299
1427
954
1376
540
1019
675
1892
488
1187
976
381
673
672
306
1487
1658
784
407
562
1862
1259
1300
1550
843
548
1513
532
1048
944
1208
316
595
1943
1821
1030
1075
1419
1166
1584
297
233
1494
51
1592
1066
1283
254
1525
513
1733
619
667
130
1502
1334
1640
258
613
1068
330
1424
1518
1817
327
1941
695
1640
1972
1170
485
1052
1276
219
1681
95
1945
245
1500
1260
706
654
762
1124
1464
1839
249
43
1067
1816
1907
1801
1490
948
521
782
45
1289
321
1999
1179
1508
332
910
27
981
801
295
1018
1488
1771
738
1801
952
1188
334
1447
59
116
967
508
1315
897
285
818
1687
906
585
1811
589
42
622
301
1596
504
324
850
501
1077
1637
981
221
1182
1258
676
904
478
1365
1029
1284
269
1245
1588
814
617
863
1296
223
1647
1646
1116
1255
561
87
132
891
591
1101
1835
1443
1986
69
1750
847
828
1332
695
1297
959
1639
1192
1379
705
1540
253
1801
1036
87
1415
1470
1629
793
1531
596
1051
1937
1867
1510
714
302
333
1880
1870
375
1240
319
1498
230
1896
1622
1976
1786
370
1565
552
1281
269
103
728
1264
1775
292
1189
653
637
1164
1925
1329
775
1760
1251
429
1196
132
505
829
865
1532
597
1001
1550
1642
600
1160
149
579
821
1312
251
1435
216
10
891
1631
930
1599
1947
1972
1191
1503
60
545
496
1338
1637
1592
268
1541
1506
1426
1091
730
1783
111
947
530
1129
245
395
925
1297
264
1492
1049
815
565
654
1887
1069
1934
1982
1383
1525
1018
208
1450
663
1291
1376
1381
1250
1004
117
754
123
1417
1492
1274
451
1947
1833
513
1600
620
1116
962
1839
402
1643
1757
1964
204
1466
1939
132
307
96
1265
1425
761
369
898
1252
998
161
1091
1705
1840
200
274
1723
1488
64
1670
1085
1043
910
1932
1608
665
648
524
768
771
521
133
1341
685
966
717
1645
1109
949
1952
946
997
837
427
195
931
938
1279
408
83
706
1447
863
1259
341
1435
158
548
1370
278
1948
1113
1562
371
954
119
722
324
1073
390
845
131
1646
1372
1775
1033
1485
1577
1772
465
846
1532
303
1571
1050
1124
281
528
1663
394
1203
951
1466
1681
1857
1242
1605
1677
302
1882
1764
1467
1093
567
503
170
1152
143
217
1280
441
875
944
1746
1687
1490
909
95
41
1227
1931
1233
48
502
985
1735
1673
180
1622
1237
1946
1111
425
1947
137
1149
1332
1368
1904
1564
1026
1381
1156
894
413
724
1299
443
696
367
1875
1973
1029
943
12
159
1549
775
15
252
30
288
1497
131
520
3
1558
1607
955
1412
1088
377
475
1839
1390
1523
867
1262
1243
1456
618
1703
565
1232
1934
1600
811
1071
1744
1619
993
627
558
1076
1227
1380
982
492
943
328
303
1187
1243
187
1398
843
1088
945
516
1491
1457
1235
1291
1626
409
1216
896
64
1685
1232
185
1157
212
1525
1013
1575
679
848
1389
829
652
806
1313
846
563
7
1780
1050
1380
1817
1403
1138
898
909
378
1810
974
1622
1282
978
279
201
1797
1911
774
790
493
116
745
1017
1044
1530
496
43
1493
453
793
1399
413
1585
336
275
977
1922
240
1420
724
1575
746
416
1075
1020
45
9
1621
639
177
306
1816
748
772
377
1848
1083
2
1981
1553
1508
125
1347
216
1321
510
1222
899
1579
1227
1552
948
392
398
1543
1716
583
289
631
209
635
867
392
1912
1128
967
1016
1503
1288
315
1284
1344
151
216
994
1164
1080
721
639
1094
89
1102
893
1692
1465
1775
1126
617
749
1526
335
173
1598
1396
1718
731
665
45
148
1662
868
1000
381
1677
1356
859
1106
1484
1977
193
33
324
591
883
1110
333
283
783
1928
76
1198
244
997
309
1619
1296
978
993
1296
1327
1703
1209
1691
1576
1643
1151
1790
1053
1062
1360
1975
1939
1091
1841
1117
793
375
201
296
337
1865
1563
1905
1860
938
1254
1939
1780
470
851
934
1711
1517
685
349
28
13
824
294
1905
1946
1517
1106
1592
464
929
1143
244
393
1766
1910
911
715
922
1791
106
1309
188
1602
327
199
1755
1871
644
1175
620
929
1681
1329
1196
1491
994
1452
517
754
1697
1966
1359
1047
1717
1104
1981
1062
875
179
446
483
534
406
1171
22
1825
940
1038
1345
767
276
513
823
524
1485
1051
1983
1891
259
83
1879
1461
1195
589
538
707
1806
51
468
911
1784
1675
378
1075
1599
449
1480
1742
689
103
626
1808
38
46
984
1940
753
1578
596
626
1122
1385
1192
230
1459
1326
221
1180
1875
1614
1380
1908
368
1131
292
122
1836
1681
1818
924
658
264
154
1857
1815
1377
758
1773
592
15
650
1259
1497
605
1988
666
627
1536
1017
1360
1952
773
717
1438
1022
1634
27
1798
791
1477
1613
1451
1881
8
560
1898
1131
1046
48
1968
358
1439
1684
889
1921
1902
1157
669
605
1187
15
71
879
979
1432
836
1831
774
1938
1184
1417
611
916
5
1643
98
1923
769
1545
682
367
1236
4
1425
1011
168
151
1760
503
842
1659
39
998
1216
1763
1563
931
1382
1225
1061
1066
516
1708
778
1933
422
1958
1253
353
1818
1655
536
86
1368
993
1436
648
141
1190
1462
863
973
301
509
1369
786
760
1542
1629
185
553
1321
723
1277
255
1511
112
1592
1083
1768
719
310
1598
1190
1975
923
807
549
1855
1922
1012
1876
1678
1135
1168
886
1675
1648
313
916
338
365
1622
1379
941
1246
1447
414
40
702
1813
473
609
1335
1755
197
1451
897
292
1908
1006
579
697
1036
285
569
1513
704
31
1374
269
942
1928
91
1051
1553
77
1495
1286
1877
1547
430
1039
243
693
1443
817
1464
1877
843
1850
1190
248
1134
718
1404
1401
717
1562
1225
597
1608
1104
774
1107
646
1082
752
1633
1452
827
1793
1327
823
1846
515
1410
829
1682
1762
430
369
567
792
974
761
1299
215
551
1987
1412
1834
1970
1674
12
864
311
1221
1391
767
969
448
436
564
871
1127
1682
704
153
1784
804
1373
142
1868
94
1666
1432
1709
1044
1854
836
1780
317
1837
985
1263
678
1547
1445
1668
1826
1462
1246
191
1553
121
869
58
1140
1428
1908
397
1421
435
1152
1650
915
1841
1805
1320
743
1738
863
1983
1552
16
1016
428
1329
1534
521
1106
965
498
293
171
1859
445
1633
855
1384
849
1938
809
259
296
116
438
1211
1489
1361
1073
1551
1105
332
546
229
1468
1543
31
852
1129
1833
1482
688
817
910
347
152
330
954
1901
529
1299
1597
697
539
848
976
761
1955
1443
788
249
1283
1432
626
782
774
1394
1830
1627
638
334
578
152
1372
846
1270
1375
1582
990
251
1153
1080
146
1318
683
1243
511
1189
511
104
888
1909
864
351
1519
675
4
350
1765
356
1176
869
1823
82
1805
419
1693
1442
1719
372
530
240
1739
654
1523
1725
1741
1142
482
1994
1393
890
964
1036
1887
1508
1902
1083
381
1472
389
567
1725
147
1502
9
1174
127
1503
1195
390
1811
625
452
753
675
1133
1225
1677
1074
270
502
1257
1374
892
914
1460
151
943
1078
619
903
46
1284
785
1284
849
1733
1372
309
1361
662
1808
935
1808
601
711
1708
796
1801
742
706
1919
1663
1597
511
716
628
45
1738
759
157
927
580
1904
950
1334
1613
1565
121
367
1068
206
241
301
700
1593
49
882
1089
849
1790
1960
1155
897
1215
1584
1965
519
1831
360
307
1882
1392
703
1633
58
717
896
316
689
1850
1178
359
11
640
1053
1333
1840
1714
1750
102
1337
643
846
1184
1140
561
297
1675
45
1651
1793
1809
564
1251
670
914
94
149
398
147
1144
1553
1166
230
1320
921
77
108
328
1803
84
1594
796
1724
924
1659
1260
1856
318
1909
1365
38
855
1222
1102
841
392
909
1563
76
283
648
16
1846
1455
1243
315
759
155
464
14
55
307
1196
1844
1201
1161
892
1613
896
1915
437
1197
1000
682
1189
1779
998
1910
227
495
704
743
1550
683
1543
690
1643
23
1304
185
1907
132
1305
1206
243
1416
638
351
104
862
298
896
1070
990
1234
925
1436
373
1977
678
1265
653
1114
820
1294
703
1833
325
110
378
483
1266
797
415
1240
1239
1949
414
702
94
972
1888
527
758
1024
1483
1580
31
1207
1751
870
1787
329
78
1987
222
372
235
762
1836
562
818
1968
256
1037
1282
1660
1374
532
377
1126
1848
331
648
542
490
1835
1685
1422
507
1430
867
781
1720
566
1628
1817
1346
1809
1012
617
161
724
1298
1139
1868
1979
933
1191
14
1510
1899
756
712
1333
1089
278
170
664
273
1872
654
303
649
1199
1387
904
1627
1687
1979
875
656
70
1835
105
144
470
259
1810
1954
1302
1707
1718
1784
99
677
1110
164
237
57
617
1702
518
529
775
1637
687
1038
632
1663
1836
1617
269
375
216
1164
1175
1302
541
66
1963
442
1151
947
1283
1581
160
1856
1498
1506
1672
1676
1514
1482
780
1318
587
996
203
1403
569
986
267
956
1048
989
560
1927
216
1431
474
89
1225
1867
636
1939
698
1639
1327
109
514
1673
1822
324
1056
1236
1131
1588
625
1560
1168
968
1108
1910
1818
572
1794
187
906
524
359
1254
920
934
398
376
1505
1010
1429
1809
1770
1130
397
849
1372
770
479
1730
1277
1572
1050
541
1670
38
205
554
770
1854
834
947
941
995
1813
449
50
1803
997
849
626
1250
1623
1352
1513
1142
257
1184
564
773
1570
196
1808
863
1425
1985
417
1010
991
99
149
1353
905
243
1044
614
829
1716
1953
521
1658
1853
832
873
1593
1154
319
1864
1767
110
1543
193
341
800
1963
1548
132
1457
1342
616
1963
566
382
1749
292
128
1142
132
645
1612
959
1663
1671
1628
1895
492
991
542
514
72
121
440
1368
1725
1406
1520
957
472
437
827
293
967
483
792
1150
510
231
64
1693
277
1238
395
585
947
320
1345
1621
916
1130
1696
586
50
1571
1190
1225
1781
1514
1652
578
272
1682
1175
1550
894
1107
1859
135
1941
1380
1602
1028
1560
1537
223
605
1617
1366
1361
1414
62
422
632
1234
1594
1695
168
1398
1205
1734
1957
1535
330
1939
1787
864
318
1916
1392
1497
1733
494
1915
727
1152
659
1241
1944
710
238
382
316
576
1486
553
38
1362
1149
1008
751
1660
108
220
1952
1504
266
1649
1801
1966
1767
740
387
1438
1243
1252
1555
421
1201
675
61
1628
1463
1653
885
1955
664
796
1170
296
1727
945
1615
911
54
1464
1266
801
566
339
1467
1002
1135
949
938
893
370
890
1674
335
694
316
762
913
349
1078
1576
207
84
1022
595
1156
1823
292
1560
19
1736
700
565
1000
861
1468
386
1843
964
1741
1776
914
40
1178
1588
136
1203
1119
631
1194
169
1689
1080
1615
32
1026
1795
818
1811
1050
1629
1531
935
20
1467
1683
1571
1536
1253
874
739
1757
732
1192
769
1852
1300
1964
1183
1972
1169
88
1331
166
490
1989
28
1054
766
1411
1570
1351
1901
398
1669
1813
1690
299
1765
33
957
569
1784
135
1041
49
570
1605
201
1385
562
1934
1048
515
1464
706
1979
1738
927
1345
526
708
1286
1312
877
1959
963
216
674
1251
653
1761
931
580
1971
1075
1150
272
21
1500
233
724
302
707
398
1293
635
1072
1476
1970
682
1922
528
185
1274
122
1140
854
700
1910
563
1417
1007
1835
1005
1587
953
1490
1791
1179
154
1097
584
1071
896
785
1120
112
1413
1222
1872
1596
1561
343
1834
246
1976
475
1908
400
847
365
712
1150
449
1616
411
634
576
947
1550
201
1830
233
711
1391
495
1369
990
645
1964
52
43
727
819
1197
1691
1947
900
967
1208
920
747
1057
1927
1093
107
134
688
101
692
1316
1025
1214
1510
872
1519
1413
760
797
1043
487
1957
1464
1003
858
32
18
588
358
1139
249
111
745
142
1539
1300
742
403
1353
621
1621
1913
566
255
1160
354
145
86
1855
900
1294
1193
1049
890
1049
1083
788
1817
663
1428
1157
135
887
1977
508
1025
1863
249
1277
124
1585
901
1869
1626
1212
940
1948
1393
1460
1852
613
1836
525
237
137
1165
1942
838
846
1917
1742
139
63
161
224
982
106
1164
1903
1971
249
1839
482
16
1845
1413
14
695
825
1388
1310
1036
714
1175
951
274
43
533
1177
1244
1794
1454
840
683
792
225
292
1648
768
870
1693
1804
1112
1291
161
978
1424
1735
905
786
1218
1686
1889
1032
1191
1436
734
978
1040
1146
111
858
1238
81
1550
1969
1288
306
963
98
1289
1373
1567
1086
1482
1659
1957
632
1683
135
78
1441
1794
205
1991
631
521
1317
1135
1987
1244
212
1236
1088
1266
440
1711
970
953
1445
98
1479
1682
1728
1100
808
1121
1191
1195
1292
1072
973
858
1360
765
1809
1137
539
579
1788
999
732
894
1287
278
1946
289
329
1040
443
1855
350
1983
1611
400
1448
990
1315
1528
1062
1632
749
1792
1793
122
1970
1739
835
1396
897
1464
1624
916
352
1905
72
1321
1221
759
1357
948
27
159
1126
671
423
836
1357
16
1679
1627
414
1737
1688
517
1607
1009
1199
1278
1781
877
1320
771
1669
1151
246
159
65
1083
1745
1324
1757
97
537
1246
613
1480
1763
530
1560
510
1949
106
1766
1157
1394
953
1071
1069
740
736
282
1339
887
852
1689
1734
183
74
1714
586
634
834
1967
1518
1873
1344
1704
22
317
854
1141
131
1586
999
1872
1166
386
1192
1068
1291
288
20
1446
873
1945
1853
39
647
1717
1966
446
1753
668
815
1825
1025
560
559
944
983
1979
278
1542
323
457
921
1892
1222
1869
85
1179
1650
1104
294
534
924
1177
1179
237
1722
688
1358
475
1477
641
1237
157
1326
520
703
435
1375
244
867
479
1965
1144
813
592
373
462
426
1502
1734
165
396
106
1522
241
1789
1423
1148
488
1783
1732
1860
1008
258
1386
1223
1296
233
561
1568
996
826
1771
1345
411
1011
449
1391
1291
798
1578
455
911
399
283
236
413
28
575
698
411
1566
680
1472
1306
599
459
1777
1094
1447
1458
164
1144
1576
167
995
1732
1033
1383
1529
1151
103
1781
1332
1849
1237
517
4
1003
1481
665
346
1377
214
1727
732
215
1625
1688
769
949
627
1604
637
623
138
1905
991
292
837
271
805
882
1112
588
1889
1821
652
1585
1103
1690
126
637
296
631
1299
947
457
1797
1489
1749
1169
233
1596
1118
1839
1825
1106
717
1282
1970
382
1924
9
629
561
96
86
1739
1134
1320
1357
1751
429
188
1947
278
1858
452
829
768
1860
1825
937
1461
1986
1573
420
1528
1632
277
1812
823
1401
466
684
1738
448
1204
1998
1744
1672
657
1047
221
741
1900
1627
49
1515
1291
1472
1613
1731
1666
772
682
1403
1443
16
1525
1084
1322
1572
1046
1753
1956
1744
912
876
591
1251
977
424
719
654
1975
1202
214
1096
353
624
1300
1681
1856
292
55
1950
1224
1679
439
1331
1253
1501
1442
1900
570
281
810
867
1196
1886
277
1869
1530
1420
874
939
1898
1746
508
1531
1186
1720
112
1306
154
1262
511
1063
390
175
930
825
1350
1785
920
242
1523
1345
1511
1145
114
730
415
149
838
1910
1599
1320
1138
1708
599
464
1003
949
1433
879
1090
1332
568
641
1103
821
1694
1608
487
339
1881
1660
1761
1245
1996
990
84
1664
845
115
1742
1590
739
433
1340
17
1823
247
305
1146
712
1151
1070
1790
1972
932
1636
697
1202
548
786
1156
1414
925
807
1350
1624
1431
111
1867
464
633
209
27
1983
499
591
300
1778
1624
1385
1366
1084
215
577
1446
1128
722
1514
434
383
949
1497
1298
176
26
267
132
81
1351
541
1748
1582
1045
1442
1477
1185
270
863
1759
1558
1320
280
1620
869
858
984
483
767
404
478
704
1159
1390
552
705
1866
1535
629
43
1100
66
778
340
397
1354
1672
797
814
1277
1825
483
647
1759
1800
1161
1533
727
1015
1977
1975
930
600
1487
412
255
1854
922
1981
1265
528
1848
1464
1255
1802
1491
320
871
440
1594
559
1846
743
1121
1331
1017
463
162
332
1793
1512
500
859
652
127
1777
141
1465
1135
199
1881
670
1006
1014
1316
1491
759
320
1654
1903
867
321
251
1262
1964
1203
1238
1897
1737
1942
227
1958
61
1982
1613
262
1351
1534
1629
952
1738
453
300
201
1647
1121
1564
1295
796
745
1629
1183
1473
1645
1142
877
1772
1897
1159
1462
743
55
442
639
473
332
125
277
140
876
1638
1993
728
1537
1459
898
1640
1537
1484
1834
264
819
1526
200
1465
68
826
983
1286
1039
269
161
166
1807
1347
651
560
1689
149
976
308
995
1437
194
514
879
132
1596
194
1071
831
1479
516
230
1232
1772
1033
463
157
1750
1305
1958
284
1865
96
1268
1166
1881
1099
1055
1463
1362
1225
1116
827
611
167
1711
1780
857
113
1491
400
184
245
519
1980
605
1098
141
460
53
1618
1522
1472
1397
1616
1721
163
854
596
948
1021
1403
782
168
726
426
704
1244
1753
908
933
662
1342
1504
1439
1798
1920
810
677
290
565
923
1548
1962
1090
1720
1568
498
739
538
534
1774
448
435
1065
9
1604
730
1248
944
490
1674
316
1492
1792
374
754
1453
67
1222
441
902
273
172
1456
195
1759
438
1059
15
766
1495
851
1199
913
55
629
1596
1055
575
1690
1016
1676
449
419
1445
834
1621
604
884
332
1731
1791
1441
102
1718
397
105
1300
505
481
1424
1114
964
1305
846
498
1165
1718
364
1437
556
402
594
1266
323
639
1721
900
1247
1243
1768
254
384
1300
1290
1848
727
1622
693
1002
163
1142
1624
1674
240
1165
30
1305
61
1094
1339
1749
1490
1887
1906
1657
1256
68
993
1486
62
857
179
1332
604
353
433
867
595
62
1949
1179
425
78
1912
155
1974
1081
1130
185
1664
86
1280
515
1598
796
1948
1688
216
1000
239
1409
1167
874
624
672
1816
35
222
133
1675
702
1568
957
1858
1372
1817
451
1012
1734
1170
1321
1641
1949
107
1080
1942
1277
781
325
1639
743
116
1504
1858
232
1912
714
1626
359
32
564
1198
1469
172
1206
1610
758
1926
639
1510
1044
1031
54
1400
145
1329
1651
1099
931
1616
982
1896
143
1975
307
1003
559
1397
329
1183
144
773
456
553
1819
246
814
1718
464
691
1573
437
307
1338
561
1654
1799
699
71
1804
1003
1287
254
1854
56
1069
1628
1584
840
1624
1288
165
1240
1073
699
849
739
574
85
1899
1572
803
1989
1069
45
802
1800
1473
325
1426
1088
732
1206
900
1286
219
1218
1485
1174
1026
343
82
1403
1832
1769
726
353
1033
1762
1516
1359
129
1273
1298
1967
455
172
1019
1080
988
427
454
56
1929
1956
714
1371
1339
36
1293
1251
