COL NAME: col3
860
1724
466
87
1687
769
805
276
21
1584
1705
1806
957
1267
1508
840
600
776
1363
1478
1966
1955
1025
1129
702
161
269
455
1016
719
1076
763
1064
64
1367
1086
391
378
1017
200
1056
1597
683
960
1485
1241
870
1038
1484
742
95
1430
1194
1183
1109
556
645
1579
1354
1496
1408
632
1282
1434
1248
663
1695
1715
441
1830
1636
698
219
1248
1153
1695
835
122
279
197
751
1147
1372
954
1986
863
928
337
1976
1438
1787
1016
896
452
8
815
151
1943
1991
1875
509
1884
337
1743
1603
815
1415
639
954
1045
229
1799
1300
878
1019
1539
1535
157
517
1060
301
699
252
1279
1816
1346
625
1686
489
1952
1199
758
920
1529
684
511
1906
1377
1982
1721
149
304
1806
612
1595
1126
991
866
655
1129
119
1081
1497
1150
1664
1774
1141
1260
1212
789
1099
996
1997
1008
1011
217
550
1757
521
801
761
768
1039
257
1498
689
1952
1636
1440
1579
1630
498
848
1945
417
1219
1516
1443
760
456
1712
1008
1213
1392
216
1296
1903
698
395
75
717
850
884
1048
1507
568
1065
1246
1238
657
1097
1276
1676
945
1540
338
1856
510
1155
1438
1205
1881
1474
1243
475
1384
1996
1214
823
133
671
1172
202
1250
1425
1549
1396
655
1035
967
667
1371
697
731
1727
1168
460
908
389
708
9
1274
1015
145
1802
1240
688
104
404
708
770
1588
82
456
684
448
33
1574
437
1329
235
762
766
1252
74
1727
1329
1358
1331
983
758
132
183
1531
545
204
1775
760
94
1543
1719
1218
1969
1426
603
1428
232
545
1836
248
238
830
1049
624
718
725
77
665
882
918
1531
738
1654
1062
85
536
24
232
227
622
747
612
1343
314
1400
276
623
1469
1687
898
228
5
74
117
946
846
1458
325
1810
112
89
1828
1891
901
1942
12
320
784
1943
1118
1979
1908
1953
1319
1855
872
797
4
1433
1772
295
1549
421
142
1248
1997
1970
1669
1991
1038
477
156
1020
288
1857
1865
1932
1900
14
1180
1708
626
793
1683
871
22
362
1639
992
682
1007
1828
1008
1928
1485
778
1636
419
1024
370
1454
201
1689
243
1829
474
639
762
24
1524
284
665
1072
1384
341
1383
1759
434
1341
1328
1167
768
1009
1136
946
1287
1666
1901
54
1414
312
1790
1262
1632
1441
1101
490
164
734
329
1108
914
81
708
1022
1142
804
904
1890
1387
1181
127
1138
551
1382
1258
441
1750
1169
1379
1040
1401
1897
1310
609
454
921
633
1019
818
793
1319
1136
1250
622
68
1571
1762
957
200
72
1664
1639
1826
107
101
1636
956
1846
1341
1799
1508
1223
1291
488
1311
400
1109
334
882
826
1246
994
614
1175
1836
1194
982
1911
981
1184
1131
738
250
1297
1914
957
747
1771
925
388
1452
323
1688
1998
1912
186
1403
1342
1085
1734
1607
1333
1389
824
505
1540
726
1043
1914
849
2
1143
579
1290
634
1218
169
1560
1249
37
1199
36
795
1137
317
1346
39
1312
335
570
780
1716
1690
132
760
1417
1693
355
1547
1548
1256
865
364
466
1256
1435
36
915
1347
523
885
1143
703
1699
380
906
78
569
737
396
886
883
973
1562
747
20
1978
1976
1280
1550
1855
1547
207
429
1332
1709
348
1559
915
733
1917
520
955
500
583
720
1343
606
1324
1448
1714
587
1486
91
935
1
1996
115
193
1709
105
1895
634
1096
552
1863
1107
382
207
21
1150
13
1035
1560
1170
684
308
1835
1746
311
923
444
1230
1840
1977
804
1405
1585
1640
865
334
294
185
1666
20
793
477
525
292
552
380
230
837
27
260
1975
1326
1730
1993
861
1299
512
1307
686
1520
155
619
1905
510
796
197
836
1229
692
1834
1820
1207
918
150
307
891
128
1375
85
310
1993
1561
1904
344
1024
1677
360
1985
574
1112
1780
970
1125
18
396
1388
821
1678
142
604
735
101
1645
941
1817
453
1177
303
1763
342
363
20
335
398
50
140
1357
372
1692
1671
669
588
349
1131
158
1264
951
1909
1195
558
1941
1243
1806
1656
151
858
663
1190
914
1462
1584
672
1455
987
649
508
769
1620
1397
1776
699
1241
1190
743
1922
1914
707
1665
1562
1253
1013
1282
726
1232
1821
1835
1868
1016
445
911
1931
1679
347
1540
320
1107
455
1012
1523
1827
748
769
1866
1430
310
1962
1124
1262
593
1239
1090
1549
1698
930
1791
792
163
1133
380
1960
1140
993
1603
1823
1676
1681
389
253
466
1490
641
1276
456
1122
189
1103
1283
784
819
123
1086
1597
154
454
509
1754
1614
1849
64
492
172
994
702
182
1731
1787
1768
1445
396
16
128
28
1849
1307
775
944
1878
580
86
1223
1408
1506
147
1950
435
498
441
1375
1573
1243
1791
961
1584
1613
377
369
651
373
350
891
782
182
1850
1649
1195
112
1567
496
1553
660
1383
235
597
533
1489
462
1630
1067
420
514
22
107
1252
1209
1899
1923
1855
472
301
1089
1416
233
1035
1656
1043
1758
1234
1646
1929
1177
821
37
1080
1142
525
335
899
161
158
1840
405
541
926
431
182
1169
762
970
1836
1283
398
123
601
499
1794
1885
1872
1938
921
1956
703
1625
1318
791
808
1387
1619
724
617
902
269
1423
204
1836
595
1464
1952
1422
1171
198
491
1336
1105
1753
1938
383
160
894
597
1687
27
422
1633
609
1540
1080
1167
1702
1959
1673
1854
390
382
213
212
603
1000
1049
1944
1991
1011
1459
1201
306
1609
475
1620
558
1127
467
774
258
39
1152
612
1642
965
543
813
574
1556
1283
1758
1818
352
929
644
1500
1457
1963
942
724
1154
985
1241
1698
306
1098
895
619
1882
892
482
1070
1683
1782
1602
1838
532
948
1424
1787
1138
218
1377
141
701
1869
280
153
1967
898
283
1741
1659
786
1143
675
264
819
820
333
67
1896
1960
694
880
1058
1585
1348
1986
1224
1058
479
342
437
526
819
532
504
1846
771
578
1185
1792
1285
1936
729
1403
92
1447
748
652
1325
554
601
1968
1386
1800
552
818
1064
778
1356
0
1355
1132
1952
987
1176
1693
1712
1681
1696
484
935
331
40
1820
1842
909
712
770
628
386
257
418
1836
1236
222
1528
1461
610
1972
1387
194
1064
1098
1141
1943
1691
420
558
1225
1450
125
1829
929
1227
1411
836
442
1795
362
1841
910
484
169
1110
200
58
1936
1301
1512
364
342
1377
761
382
138
1408
1660
865
508
1873
1687
998
516
1909
1140
1708
1684
475
1043
1547
146
1771
1022
1125
1239
714
1777
973
1970
902
510
940
736
1598
836
1724
479
682
1833
1999
1687
56
18
112
646
24
1572
1924
1150
193
1288
1407
1098
909
1313
1146
935
1769
1211
1036
507
903
1917
732
320
436
1076
725
1046
1033
1587
1037
1011
1045
1228
1489
1997
353
1739
990
1177
293
817
324
1180
576
1946
611
140
623
1444
217
1752
174
234
1559
1475
1736
1746
912
870
1378
1791
872
209
30
328
951
1196
1751
273
939
821
1556
1548
53
1838
1548
1793
1161
110
1205
170
1211
1875
1710
697
1716
1757
1157
664
518
11
372
1251
159
982
1068
615
156
1228
1963
1127
1847
1354
277
1113
1464
506
460
1091
1994
1710
1461
158
793
1619
247
421
735
1581
1597
1613
1246
1541
492
1744
49
1515
579
695
445
356
310
1413
796
1296
847
519
477
832
186
1877
136
1636
1278
1787
455
612
1474
9
1783
1522
604
979
1698
1626
273
692
960
153
1878
1064
1216
1015
1603
823
587
1132
326
404
873
627
552
614
1528
270
1390
1982
1559
289
1204
876
180
1532
1349
679
1108
383
1987
419
1932
1565
1135
1208
1070
1551
309
271
1225
766
1674
504
435
916
1856
1827
1111
1119
1024
166
1616
476
261
1538
1099
182
962
1567
1937
1907
825
700
1338
888
338
1359
1263
658
1578
1118
1537
312
1975
1807
1233
1147
1588
139
516
1092
1056
1512
1914
451
1717
1549
1845
1052
713
217
16
1348
1988
424
1227
777
207
585
1962
668
552
402
1857
917
1306
1375
1466
257
594
1102
559
1813
24
300
1160
1673
45
261
841
689
1364
366
378
914
42
1969
38
1134
1023
68
295
962
330
1327
1573
1466
1709
832
1773
489
389
1392
1717
567
444
1211
1649
1358
62
1721
1237
874
987
1026
120
1364
713
454
1619
68
1467
1558
1342
152
543
1571
313
880
1029
1062
260
75
413
456
1622
1395
1068
596
619
757
637
498
1019
1736
205
757
1934
1607
1198
18
174
945
757
1967
1456
924
1305
1348
1030
820
528
1788
1652
1167
1096
1116
424
629
1436
1960
138
56
383
1671
750
1358
1072
332
1983
1756
1717
58
1530
1145
1882
1085
347
316
1432
249
1452
1337
484
1564
1288
924
726
1599
1508
937
1292
1543
1063
1629
299
592
395
657
383
238
1245
684
1645
902
1460
1503
1363
160
1700
892
1614
1837
1240
1527
454
1937
1205
687
298
479
364
1678
1904
1722
1994
500
1438
1456
1718
1465
708
338
1564
1473
1688
854
993
1214
1684
1781
1701
287
1178
887
939
570
1205
832
192
405
720
1457
1952
206
531
1179
12
944
1461
875
659
985
339
941
975
951
1238
1096
1828
1246
1230
365
1332
1808
924
1121
569
49
927
1107
1831
55
109
861
38
636
1817
1361
1879
789
10
452
1447
1378
1469
1270
824
183
1932
1394
1422
830
848
659
1105
446
1234
226
1462
344
1932
1413
187
309
1816
485
219
1435
737
1020
71
1229
386
1200
1278
1368
765
1510
524
1649
716
480
1296
1754
327
1134
1252
1724
757
1309
497
1361
660
935
1224
478
1715
307
1024
1121
1806
973
71
1344
1725
1706
415
1876
389
1956
821
226
816
1086
667
183
1142
1603
1322
307
1128
1517
1378
795
815
459
369
922
183
1398
1534
919
1096
1383
151
1306
1186
1579
350
1494
182
1624
1401
1456
445
1788
947
788
1924
1135
1987
738
191
137
1735
191
1716
442
1220
1537
818
843
890
1468
1913
1758
673
856
277
384
1513
1358
610
1710
1676
495
162
71
1532
414
1083
569
1953
985
570
1411
1485
555
574
418
1939
121
1943
1350
354
1989
1956
1859
731
428
236
757
170
1580
1527
1001
797
881
422
1405
349
493
918
1169
607
1235
1914
1674
1411
808
725
1557
758
1001
75
1553
840
124
883
280
367
717
1337
1960
115
98
404
502
1599
809
1354
1553
1881
1387
303
1356
641
282
702
574
140
1086
1827
89
629
1636
1805
1147
194
1965
617
26
1683
1187
783
1891
470
829
533
931
1938
238
1032
1873
637
1977
1825
617
1170
383
1212
1204
1907
315
15
926
906
1350
907
1994
558
1409
1131
1319
492
489
961
1339
1701
1404
807
1384
420
1557
362
161
1345
587
1887
787
320
1431
568
526
1363
916
1892
673
1173
1443
847
728
163
194
122
1475
1485
395
1622
1581
1424
555
1818
767
42
1378
1133
935
290
325
1813
507
1270
1878
565
53
1555
1918
128
851
1135
187
1387
275
242
684
187
51
1877
1223
626
1100
439
434
1997
410
426
941
1961
1255
1909
266
1944
1901
1652
599
600
1976
1098
365
1461
1521
312
1564
781
347
1773
684
946
1582
243
1110
1301
1192
390
741
1771
1539
501
70
188
919
1658
1869
507
558
259
303
1512
1301
267
1113
252
1881
389
1687
1937
1565
1993
861
1269
1564
1140
1510
273
1745
1209
1630
890
1121
1195
1048
1590
1933
219
264
415
1577
1353
1806
1902
347
1541
588
903
174
450
1039
8
1016
1637
1431
265
1735
11
1689
936
170
1048
1578
1338
1115
1695
991
1091
322
1999
605
1560
366
812
587
1134
1170
537
556
704
725
1298
1755
1312
691
1060
126
293
1019
539
1581
213
84
1669
1366
1375
1681
1940
1882
1111
434
1455
1370
1848
295
1200
1781
27
57
1354
901
833
1908
1554
1907
1058
428
490
1761
722
1522
1938
1771
1569
1669
1887
550
541
599
478
1191
153
142
1092
78
1628
1644
616
190
989
484
1187
548
307
1847
1831
1174
196
1457
208
1036
1129
697
885
978
1490
143
323
950
944
1542
1167
1714
1615
1296
1030
547
913
1149
685
1406
1307
1212
687
1894
178
1749
1644
1223
378
615
1754
171
842
689
1722
1455
2
610
1391
1118
1651
1525
1102
561
1614
972
1511
1279
780
78
1372
1990
764
391
1232
1591
596
290
633
1296
129
1505
998
447
1188
1449
1898
1749
156
1632
894
1155
1306
160
1462
317
1905
624
693
170
976
1205
865
70
1798
1529
1840
1820
520
1321
1221
1957
240
1454
1854
610
1557
1436
609
111
272
984
1301
1938
1826
819
1956
218
491
1703
64
170
534
1350
813
589
658
124
1861
1363
500
1937
1302
390
793
620
184
1590
598
1357
78
545
1686
31
1926
269
1126
225
125
73
1842
719
573
1855
1465
113
1624
1535
714
175
40
365
727
1375
1672
116
167
660
151
273
100
72
734
1427
106
1102
996
1971
153
337
449
1952
830
566
1331
1798
911
1853
1289
441
859
1359
810
198
300
1459
458
1309
555
1751
281
995
1480
790
1403
1722
1291
1635
673
1157
277
122
1074
1042
564
646
142
580
1032
1989
839
421
892
1526
1829
545
1936
1758
870
865
1144
18
329
636
1464
1025
635
468
803
252
1777
235
1043
904
1317
85
1469
1074
1586
1940
56
1466
824
1839
109
543
842
179
476
1255
529
1249
881
621
1916
905
138
1187
1831
914
1298
1333
791
1927
4
1036
89
1273
970
588
1281
281
15
1211
996
1353
1716
1385
1063
254
1876
10
420
495
218
662
188
335
1432
356
1755
949
1335
877
617
589
835
1591
767
376
1796
306
3
803
1633
1544
938
1656
771
428
681
1092
1190
367
1954
1958
293
432
198
471
990
1191
1633
379
1390
1475
1003
1237
1016
816
1847
1438
1972
667
1998
332
1425
867
364
427
545
777
1996
393
1151
1216
1101
48
1081
819
1194
1329
1015
1578
1643
1848
218
79
1395
24
1812
1080
1888
1449
551
236
683
1974
372
200
274
1141
314
282
573
836
757
1574
1411
203
1992
13
1080
528
1634
1358
270
418
1388
724
1545
1119
853
1951
678
427
1789
1425
510
1223
593
157
959
193
1182
892
1486
1158
617
809
1894
462
16
808
118
1509
1917
1101
1439
1877
508
656
1857
599
1746
1928
276
151
323
687
1079
460
1164
1443
1872
179
170
1130
1467
1604
1036
492
969
1909
1570
729
116
1139
542
1089
415
1969
710
394
1114
641
1358
1607
1312
132
1397
1778
1614
1323
15
1633
1932
1860
742
1212
492
1542
1210
987
223
1170
181
1062
1015
1546
1226
1574
65
1134
446
1435
1066
702
125
969
1953
1438
675
1518
386
217
1253
1607
122
1444
862
1334
437
1721
1240
1632
485
1013
247
1325
604
1689
1615
885
1430
847
677
224
510
1625
1962
726
1670
282
536
1152
947
66
1349
505
203
1126
576
1920
1501
45
981
1945
510
539
1594
911
704
1603
396
1505
177
1062
48
175
1918
275
1823
1211
1821
1752
1600
1557
1395
1699
180
1704
1044
1638
821
1359
1096
100
237
1122
494
1320
1617
540
1035
505
1194
361
99
696
461
631
1884
1464
719
625
101
953
111
460
1888
519
1924
556
1312
113
473
904
514
1714
674
1665
171
129
1645
811
682
285
885
1538
1431
187
715
1894
596
1581
1722
380
1633
1138
1298
1919
922
701
681
168
366
1561
1668
964
533
672
1770
797
550
1984
1392
677
1946
841
1948
149
1958
1301
454
652
1524
78
780
1057
1022
758
1426
328
834
1475
1627
1547
1316
1047
138
28
654
298
1215
769
165
1817
1357
832
857
1622
1428
197
355
638
1779
1739
725
392
610
727
1629
219
1366
538
100
691
1043
659
927
1346
772
1583
1314
1813
686
820
1495
199
507
331
1624
1789
1195
470
699
1550
213
1303
1798
59
1023
756
1824
1302
397
1810
588
1773
1553
1724
730
612
1731
1876
1241
1406
1295
1447
20
1007
1157
1089
828
102
1124
942
1144
1734
1566
617
231
495
501
287
1937
507
915
1490
866
1822
99
395
1636
1649
1153
387
1814
842
122
1252
561
904
875
934
74
1929
559
371
1164
1991
1442
1681
752
1118
717
1035
1422
1503
653
1439
1367
855
1893
974
1047
843
999
1697
674
1819
465
617
1479
260
285
686
737
1115
475
753
1387
1765
875
249
379
1494
454
402
1138
172
1613
1062
1562
323
283
928
1821
104
769
1642
378
1390
1737
711
1888
1150
1503
499
1823
775
136
1777
1333
1346
941
1674
234
37
1242
1887
272
307
1032
1228
1220
114
1299
1415
232
1929
216
163
1741
384
1276
802
1893
1843
1500
1593
1126
1018
573
456
1356
344
129
625
1678
1568
356
1759
664
620
1913
1676
1394
421
1132
1009
976
336
1261
1159
1404
253
527
375
1573
611
1467
78
687
1126
517
115
181
209
95
1109
1656
581
648
975
1215
690
689
1127
1077
966
317
1670
1018
1136
157
1890
44
1853
1726
869
701
356
1973
1810
498
261
913
1318
395
877
1699
535
638
93
889
1035
1763
1558
343
1313
988
1566
1336
195
1020
804
1659
1927
1320
1989
614
874
323
1848
797
1760
1797
138
868
1730
474
604
820
1176
1924
499
1508
1702
1079
1069
631
519
274
597
557
1312
410
1175
1342
1583
1179
400
56
202
201
453
554
1209
133
1045
1148
50
252
1129
547
778
550
1587
1169
1687
1846
385
810
1079
1644
1445
1009
593
513
1066
605
1088
466
1596
1347
1427
1405
1315
955
1231
437
421
586
1564
1589
1308
1210
553
425
384
105
375
90
109
339
1915
904
715
1736
637
452
1572
1148
213
380
238
1386
1527
1612
764
544
539
393
392
440
917
1094
1304
1910
59
1842
1310
1372
1443
1689
1051
1493
103
1564
1129
276
187
1366
109
742
1875
1156
539
620
1889
1819
316
1616
519
1969
1502
559
1920
889
981
801
1301
349
911
583
1550
1353
146
628
788
841
1224
1577
444
601
144
752
1866
1127
665
530
680
728
1608
680
415
826
1253
377
1728
1890
842
1580
449
1986
238
1333
1705
1437
18
222
853
1677
1885
1162
1710
647
1959
939
212
835
1096
76
1637
1499
1746
1465
1801
1593
892
351
1181
762
449
263
1291
1487
62
1330
954
1278
1741
829
745
941
939
1725
1111
661
1816
824
60
245
1806
1125
1745
578
622
794
1606
348
868
1555
121
641
468
923
1075
1728
1416
620
1645
1443
1545
1388
1725
228
267
1343
1725
627
1280
1863
1506
629
288
1369
1230
463
622
71
73
1351
909
92
574
345
1215
780
1426
10
777
584
576
1673
988
742
203
1398
1358
104
252
548
298
100
1774
380
108
1943
1245
1008
874
1625
358
1257
1800
1292
788
1825
1806
509
799
411
481
658
389
467
1233
1970
1719
859
12
786
1234
1179
491
1603
122
1432
769
793
600
1212
1526
1842
1137
985
1357
797
1222
1785
1046
5
794
1808
1070
1036
1625
1244
1648
1578
1638
1210
1784
781
1025
1007
1815
733
206
515
746
1097
1699
239
138
629
567
1710
639
441
1087
713
1940
576
24
987
1832
1071
55
1751
792
745
315
1864
1389
1584
433
1585
1316
416
1171
1727
737
712
1405
1806
213
1566
1438
236
557
646
1782
111
1654
1354
1509
879
813
1359
1763
684
1593
448
1444
1189
460
911
363
1193
1495
652
978
1873
1201
1824
1440
895
1517
1972
1872
1642
848
565
234
1794
1592
1987
256
1361
1648
831
1091
1651
590
585
1046
1855
1594
1090
600
988
240
1941
852
276
212
1250
540
1472
1170
333
1165
332
54
1440
1733
984
716
73
1410
1953
598
736
1143
1350
492
1979
308
1136
1971
928
1505
771
1497
1811
1526
1110
1523
1769
1241
527
892
1777
897
1044
917
1471
383
996
992
1043
1756
88
1107
1873
1983
420
410
1663
1890
1054
1034
1592
1505
1207
1615
579
426
96
1301
1818
1031
1146
517
442
849
1468
505
1361
1568
952
494
1869
1391
1685
143
1599
1863
168
376
1515
945
1635
225
1677
1629
918
472
1633
316
1750
1224
1911
341
1082
259
1148
6
1604
1608
1231
911
1100
621
887
414
1100
1154
162
1884
1354
485
329
1170
142
1388
480
516
1622
1510
899
222
1741
821
164
1241
1868
18
1045
551
586
106
1859
1881
837
1594
1805
1508
1655
1960
491
960
648
475
1340
444
627
455
187
528
1590
302
540
559
1526
1606
1164
1863
827
1709
1109
768
443
1538
795
1848
480
1448
1867
1883
43
1400
1425
30
897
1258
1936
873
75
1835
1455
1758
1012
1922
319
1640
1548
1975
1279
1681
1192
1926
1490
233
1255
502
745
696
363
835
625
1670
912
1244
917
165
1040
542
399
878
1903
162
546
869
1556
608
982
704
1871
603
1719
1550
560
537
348
1862
1909
80
881
1703
355
1019
672
204
1742
239
1960
1463
171
1426
658
366
254
1883
761
1756
835
132
1564
1316
1972
1145
560
296
1461
994
543
268
60
1118
660
1713
1922
854
664
1674
1272
815
1111
504
1676
1013
1985
1673
713
147
307
868
1479
1899
1784
532
855
11
1215
1806
61
1058
890
1048
1035
0
1219
1830
515
1044
577
527
1878
928
318
1889
782
1750
1288
1487
96
73
1941
1789
330
1843
253
1770
1421
835
1138
833
1549
426
277
166
1935
1297
650
1816
428
1084
392
1540
1023
1859
1685
1001
306
1136
190
830
818
871
1399
1865
170
180
1118
174
694
1890
579
359
891
1031
471
1727
1116
1291
528
891
837
1233
885
716
79
890
1188
1369
318
265
1847
1275
723
1401
297
1973
546
738
1274
389
148
604
799
1092
785
1207
1341
898
1922
1915
1809
1952
1447
1848
567
1593
619
166
1327
1205
1990
840
1746
648
940
1679
625
715
1548
1481
91
1788
1916
1201
1641
341
1280
242
1650
1402
1849
1275
600
574
1496
520
1396
663
39
965
1900
510
458
56
1963
246
1054
107
1643
682
255
837
180
856
1496
133
481
347
725
307
718
157
1818
1095
1068
651
91
1215
178
901
739
1786
1018
1726
1193
985
499
564
1722
299
730
1275
1231
1732
25
1209
1914
207
1973
1432
1741
639
1774
1780
792
1005
1671
591
855
1590
1079
418
1031
1758
502
1501
154
1413
1041
1836
1628
1017
469
1544
524
1350
1485
371
1447
154
67
390
1870
969
186
1396
1148
1201
1193
1583
849
324
573
645
1031
1950
654
554
553
397
545
915
1111
1827
1678
1244
1884
1300
1003
574
92
318
1143
646
196
731
989
1730
1322
452
1561
1352
560
406
1860
722
1283
1978
164
1397
1817
1814
1515
398
1016
1070
640
1981
1675
270
384
1464
563
988
230
110
416
802
850
394
1303
131
97
1734
651
1906
1101
252
1910
1132
1925
242
962
1110
1490
174
1602
1566
1872
598
1578
400
466
1910
352
352
1179
1113
711
976
1621
480
972
85
1636
1505
1762
998
1188
848
798
1227
120
1687
12
1791
1863
1819
519
987
1789
1138
1331
578
1537
333
1481
631
1327
1556
888
661
588
1936
486
523
820
584
939
51
1900
1415
418
185
159
1279
631
1233
1244
1797
373
1043
1960
1231
582
1195
1811
6
1446
1903
1077
1226
197
895
26
1406
1526
1949
1651
477
1919
530
120
1060
1206
1963
1142
1755
966
743
557
1854
1404
1954
686
1866
1338
606
112
800
15
741
1422
195
606
883
1223
20
897
1923
1583
1308
997
1846
1157
765
1596
12
600
24
938
1669
1851
1891
574
1277
1724
545
1723
1045
1462
350
83
860
1286
1603
644
854
734
249
124
1782
874
1756
1949
1512
1100
172
375
1822
1613
817
1920
1532
783
1876
396
1956
368
1605
504
1092
1911
1618
1946
864
406
1586
595
56
1701
764
25
1800
748
1104
521
263
1729
1986
1885
33
1718
461
80
869
598
1076
475
486
1164
776
1498
1877
1990
150
1400
607
704
1412
1028
1556
657
663
1651
1919
1185
1374
1686
663
1349
827
1291
623
855
954
1326
477
159
1290
857
720
1723
649
1706
1327
1383
873
532
606
1148
1904
553
1196
558
1147
1477
205
866
378
364
1924
490
2
306
1967
1438
208
1341
1604
1112
739
1307
1690
435
585
803
642
369
786
1348
396
287
535
167
1725
544
1717
779
395
361
155
1961
133
1403
1775
34
404
955
1812
1767
478
430
1235
1752
1238
258
975
522
1343
1945
382
868
1583
1955
483
1341
232
1027
1278
396
1952
501
325
971
1440
986
701
321
262
1316
512
919
1854
1964
1114
1028
1141
114
1445
111
1308
900
1140
621
442
130
1498
56
1074
615
1881
840
1685
1833
24
1559
433
564
1711
1902
519
1066
748
114
1702
70
1359
1777
1789
696
358
949
662
1794
702
1456
1904
1878
309
1584
1583
769
1669
1335
1567
24
1691
1953
998
970
1964
303
815
929
278
302
153
1203
1191
1114
1083
1044
1566
1428
1347
29
1348
15
1839
1253
1743
264
1198
1289
1186
1488
15
510
580
1018
806
1318
996
751
164
1542
613
1822
766
208
521
464
1513
1382
1753
555
824
1081
668
1312
589
578
1503
1707
1214
1109
1831
962
1821
1116
1117
1364
1543
660
747
1497
1722
1546
683
1385
1309
1597
834
1996
1595
1091
1132
1285
869
1309
905
1099
1815
1084
817
633
1392
795
1216
61
632
1300
1711
1439
1711
1347
63
65
457
1957
1959
343
961
1217
34
220
1376
1711
279
948
1474
1096
1922
205
1114
604
594
1493
1153
1818
1630
1667
891
1247
1408
546
1454
1433
1475
768
1414
1399
141
843
663
648
615
868
547
394
284
1991
1787
1561
867
1598
1764
1615
328
766
1227
1268
831
382
331
641
450
457
1295
1224
1675
1857
1718
915
1521
824
1170
1319
1780
1232
825
347
1443
799
648
1857
1565
0
62
1869
643
195
1014
707
1955
1607
105
1739
1795
607
245
1139
1195
897
283
1301
1292
85
50
1971
75
1104
1778
1094
1780
1070
909
876
1528
773
1126
1572
396
953
933
214
1482
157
1125
1967
140
1958
303
1975
465
1100
1817
508
461
121
1986
1395
991
463
669
77
763
1695
864
858
353
1583
1184
1745
1494
472
239
1931
1303
334
693
385
1433
851
723
444
1331
1968
1089
1947
961
625
58
1640
1377
981
530
1446
912
674
1582
1126
1680
965
919
1508
1206
1060
634
1352
1579
1610
1479
1290
245
20
1433
7
289
360
218
831
793
580
1772
80
685
554
892
306
1100
1846
1187
637
1936
1787
71
1676
268
814
1188
13
438
794
1248
408
270
1741
273
464
1971
1992
1120
784
848
1121
1336
1365
1128
1824
1682
890
806
453
1447
1888
362
1405
55
1855
1207
40
440
45
1542
135
908
1951
1143
1300
52
727
1935
546
1634
1618
1783
78
1031
767
1484
1970
1990
1829
1062
134
1987
35
1384
367
1543
755
1178
1841
615
111
583
1262
1942
71
1100
805
160
1558
1708
1820
1274
1299
583
226
427
631
1414
811
1285
1491
1036
1521
244
1851
1335
714
1379
992
1349
702
1785
1243
441
1051
1328
501
569
25
216
1046
309
645
1803
1270
219
270
1534
1785
1320
350
491
1520
1844
791
1268
844
461
1381
1625
1400
1169
652
850
792
587
1309
296
831
1367
269
67
1402
507
1125
1829
477
1766
1696
440
1317
1115
680
1922
525
1689
1680
879
1556
637
699
230
1172
1249
760
1015
1573
1978
350
597
302
1555
243
1059
1177
90
549
1373
732
870
67
335
1692
1399
1561
1724
1082
1335
966
429
1877
1970
1289
1517
1637
190
1892
167
1134
838
561
1719
818
1104
794
146
1692
1904
903
12
50
1679
1498
1633
278
835
1512
328
1005
1086
1816
1452
1248
8
684
1934
1219
1053
1213
1053
571
913
1765
1522
420
1226
467
770
22
1516
1395
1242
1483
801
863
738
1829
904
78
1807
1165
135
813
45
83
70
912
937
1573
1766
1202
1976
442
1779
1571
497
1356
1633
1357
1967
1598
1636
1843
1571
344
166
1231
1529
1749
721
767
1732
1371
1690
1070
220
143
1873
658
836
1658
774
691
233
1753
521
769
1992
1271
22
26
1619
91
299
1477
908
1488
61
1681
1013
1729
614
779
1435
473
1792
1071
1894
944
858
177
1613
1763
1823
1216
1097
289
192
582
1889
1393
780
563
1725
1897
732
299
168
981
1267
912
1916
1620
212
191
1403
548
1665
239
798
687
1212
1323
1953
1032
469
1096
1481
1352
679
1129
1205
1796
948
1546
1270
1266
834
1930
674
714
1772
787
306
648
1560
300
1810
398
497
1288
1669
839
863
1732
591
753
1310
1549
1284
772
1059
1301
203
1737
209
1101
57
1158
580
620
909
1041
1999
1586
1760
1529
669
943
1776
1810
1751
982
1509
619
356
1354
1991
1138
521
1963
1537
30
659
534
226
1491
423
92
1925
1571
1332
598
1665
1530
1258
957
1235
1490
1732
929
844
1473
477
1713
329
533
419
1005
923
1349
831
1118
798
1092
858
1507
1759
1806
1669
1360
190
1545
61
618
1877
486
1277
1535
150
643
1986
1859
96
1707
722
1035
1421
171
1722
1854
673
875
334
1553
1568
1918
1504
33
582
124
526
52
1473
1300
1985
526
338
1868
1932
1288
1511
923
1004
1276
1474
1645
1714
911
1848
206
386
1376
905
139
663
399
1911
1739
434
244
1099
1600
1354
1029
404
89
1110
987
1101
304
1522
616
298
1810
1418
1324
1199
683
167
1982
1135
1600
1867
1321
266
200
1438
245
1415
1693
1736
303
1408
1763
689
339
285
429
602
1918
948
673
364
175
381
1212
342
1078
1223
1686
602
1564
306
1290
482
132
210
252
1428
1477
232
1318
1428
506
1053
274
925
1067
1636
38
143
758
764
1947
1645
1299
1383
422
1230
661
1255
1686
1160
1589
333
1895
1165
1671
1172
1758
1129
1681
1934
1104
241
868
1057
770
301
111
1888
1881
17
1807
331
1098
282
1032
676
1795
90
78
622
1270
1258
1634
1485
240
1999
804
467
1698
81
954
789
0
1496
1310
1844
492
1046
409
380
294
168
36
253
979
835
1448
791
362
1364
1545
307
630
1475
1252
1619
977
1269
993
36
1010
1602
1175
600
1500
31
1636
1603
269
734
1727
1179
116
1545
1226
1276
1740
876
613
782
1773
1374
1498
1363
1180
1556
1256
1330
277
496
654
725
1589
1786
1718
1782
1133
1606
420
1494
30
721
426
1967
1801
1964
757
753
1239
803
494
433
1362
368
422
781
526
1652
622
1682
1397
860
491
84
710
38
1826
945
1549
1565
350
1518
62
1687
1388
880
515
1264
1718
871
161
666
597
1172
425
1951
422
958
598
536
1465
649
1699
1041
1271
1725
1528
953
1927
190
73
585
113
338
463
1524
592
1256
670
1337
379
419
1666
204
184
245
865
961
8
988
171
701
548
1687
982
1042
282
1698
1353
861
1667
608
1762
161
716
1473
1828
1529
595
1204
1818
640
1510
468
259
1436
765
1746
850
1872
49
415
812
1984
704
1150
1416
757
1074
591
1178
362
297
1490
1789
1908
1046
1776
619
1131
1199
328
1379
826
927
769
1755
1709
933
1882
371
1766
943
833
212
1852
474
182
814
533
541
401
1885
196
1420
73
334
574
1890
318
367
377
12
1994
1112
449
1184
1882
1308
1625
1968
1816
896
1360
185
1740
506
1312
1525
1876
703
784
130
1499
535
1660
1938
1331
375
988
740
785
228
726
869
1981
396
845
310
720
518
1903
1065
1389
287
500
102
1228
1652
1628
1698
67
307
1089
1956
67
1623
1263
1353
1473
1667
875
1860
456
71
1799
923
1988
3
1148
629
517
1969
1179
1986
1369
1512
1267
588
1597
47
1928
172
293
1039
1003
1549
862
625
1920
154
1003
95
1313
1887
1922
483
248
878
870
456
1866
793
1561
994
1392
1538
1926
1836
678
662
1853
1868
1232
1405
1506
148
813
1842
1873
24
1059
1812
256
1842
1315
340
1747
38
1656
1143
1933
885
189
855
1386
1687
1045
1601
1061
1179
1090
393
660
68
176
1183
1556
998
1992
966
1265
902
813
271
1267
37
1533
473
498
566
1411
626
1072
28
691
1350
688
1739
164
556
679
1028
1104
648
1330
6
1842
9
686
1061
1989
1207
367
1831
1576
114
1368
323
1980
1315
15
1896
823
422
958
832
1247
1717
438
1232
1250
92
1033
1840
1561
94
1413
70
1399
1921
1523
1771
1797
1645
201
1119
1911
1242
1355
346
430
427
191
1796
1813
813
399
1558
1942
775
277
1607
18
1789
96
1717
1138
1783
1042
23
1984
113
954
1547
138
1080
542
1311
903
616
1150
1038
1128
1242
1954
943
1213
864
1062
398
1847
1856
431
562
1097
1215
1895
781
208
314
1787
1604
580
942
62
1842
1632
700
1540
1983
1033
1750
1815
1556
1752
910
241
65
1814
15
1792
1654
1473
1941
607
381
1265
1626
926
454
1024
1355
861
94
1269
1146
1479
1254
129
1858
1601
764
1847
737
1299
152
1646
1981
324
1551
956
434
1693
180
77
49
3
1134
1156
1707
916
360
684
1693
684
1708
684
1013
1797
1292
1676
758
404
979
1705
1404
1106
86
962
285
368
653
1543
287
330
503
178
766
1205
196
1410
1948
158
1937
1542
1910
503
1509
41
656
1165
1066
1543
1673
1269
998
1013
183
1269
1092
722
1631
1322
1993
1239
328
1219
525
919
1471
491
1184
1698
734
1569
391
924
1724
1897
692
1317
1789
1733
1428
1852
582
238
1055
109
1650
763
227
812
219
527
1952
1954
514
1819
1326
206
757
1308
895
956
1515
1054
1625
1737
535
982
1595
503
234
1029
1593
1577
1709
896
622
630
1168
1657
359
1970
820
343
128
737
1210
165
497
836
375
404
916
1552
826
1825
1541
774
1909
1050
1849
684
695
215
53
615
1566
1316
260
48
1909
656
552
697
1605
1174
629
555
834
1714
1072
707
1095
1926
1803
250
258
990
426
1526
1143
626
627
1556
410
1120
1323
1472
654
1539
1752
1409
201
1111
1130
741
497
1403
393
1366
119
388
1656
981
75
1545
482
1682
1934
501
449
819
851
1047
1599
177
1365
437
1404
1582
1125
1896
1659
634
1253
875
1113
1321
1384
1639
1169
1142
1026
1646
1557
219
501
1283
798
214
1405
1430
312
674
245
1459
1687
1849
1743
403
445
1986
687
1055
797
552
1839
191
1681
275
555
1953
585
933
862
1647
1982
842
1565
587
1112
127
572
578
1106
550
1960
190
1919
657
170
924
1528
443
1822
361
1331
146
398
762
604
944
333
955
823
167
962
1729
206
1705
34
76
348
1303
1292
611
1634
937
1352
1254
1169
662
1241
129
1781
1004
620
576
509
893
888
752
835
1758
1521
247
1347
1895
1776
1390
1985
1169
1676
56
1845
1718
717
1608
236
1333
1243
1933
1829
124
783
464
720
755
1862
1298
1386
1363
904
1161
1018
517
783
1033
712
1248
553
1619
809
986
1367
739
1712
1325
1601
230
1807
390
1887
805
1755
951
263
1223
30
1362
651
1019
1480
921
585
1292
1018
345
1101
1327
1778
1265
383
1849
880
591
824
597
1198
1539
1194
252
623
1341
897
44
1016
1112
1251
1090
1329
1614
487
1004
1335
1705
458
1832
1977
1042
463
1181
570
1694
1427
1591
986
1841
1663
1391
1199
1465
360
1209
705
1444
17
1893
442
495
1268
598
1184
1554
49
905
1038
1910
97
1061
891
1187
308
248
324
500
1860
58
265
217
1673
974
1492
1836
1941
684
1668
957
870
142
43
1019
844
1605
231
903
893
148
913
259
173
1531
791
1179
1857
1630
1349
1856
62
191
740
244
1624
1617
1218
1896
705
929
117
35
1747
1240
1479
1051
79
175
422
1426
331
739
41
1412
1134
1841
1841
256
1898
1622
450
1680
78
1334
1900
1737
461
363
1936
1983
1771
502
655
843
1153
691
621
1101
1811
751
805
907
1216
1029
1116
860
391
1618
1260
1405
442
1778
475
1235
315
1256
959
838
729
751
181
1556
1219
527
1628
1516
1038
1083
1771
1101
607
1900
867
668
282
304
1229
1210
1430
519
390
912
557
1516
665
1407
268
1401
1647
1486
1648
333
1694
260
654
1248
662
1790
584
271
1907
1344
647
145
1593
1583
99
414
1661
87
178
1005
707
1693
929
420
1759
1715
1239
97
1253
1577
187
1529
1696
225
1897
1767
1995
3
651
1841
543
289
407
429
496
1434
1264
1688
374
268
1397
801
821
125
1357
1701
1711
1618
286
1539
1041
1955
1679
1902
365
950
1696
1104
809
472
1144
1250
1567
895
1492
1208
1750
212
1888
994
986
1726
1143
1932
1081
1722
142
1061
1075
746
955
1691
1385
272
211
1244
24
1743
1930
913
698
412
231
1279
64
172
560
1957
948
1694
417
508
1460
1643
1037
1048
1704
1063
1123
1594
1418
1220
1823
1990
1258
571
732
40
1620
1302
664
1547
1731
1114
219
929
232
725
1386
1865
711
1878
390
384
1972
398
706
1777
263
761
1430
461
990
1506
1664
1449
1546
537
1637
1746
1945
1453
1184
888
697
357
826
100
28
1402
1934
1043
445
1956
32
132
125
561
817
627
1210
1384
1717
1835
148
1646
1378
1619
983
601
924
400
511
102
1581
1420
1800
908
1995
1987
753
1682
810
279
1173
841
293
414
430
1443
88
1772
277
327
861
1061
1506
1413
586
1618
473
1822
1943
899
466
1257
1598
673
1104
1066
687
630
566
747
76
1286
515
1400
614
1495
275
1766
1571
1378
461
300
528
662
1163
1389
1848
1947
1682
357
403
695
122
973
1106
424
916
164
648
931
1845
1283
773
1223
588
1929
226
476
366
837
375
342
419
342
1612
665
396
0
1421
1322
976
1830
1623
762
1164
1982
686
1792
841
432
1626
1365
494
1479
201
1739
559
982
1554
73
115
1692
125
663
1017
1899
1486
694
1637
1613
303
87
801
995
1094
810
1216
1803
1593
1514
1571
504
994
1526
95
1638
31
778
200
950
1833
10
1832
1330
1787
108
551
294
1744
257
1354
1831
237
1790
1564
1074
1113
1161
1517
173
60
818
1612
693
1394
753
1566
664
780
1533
868
1255
1965
916
1686
596
1928
1916
1121
1148
132
1892
973
471
1723
300
420
1876
1009
866
1764
1133
1837
1511
1416
409
1327
1990
798
1816
1341
530
1512
445
195
1346
627
1188
1493
373
1548
650
902
702
1228
76
1448
1021
1583
719
1069
791
0
1598
1457
943
632
1257
360
1761
1606
773
699
1957
1173
479
401
1933
1140
1714
1884
643
457
610
1905
92
98
719
1822
1302
1542
617
1291
1516
1163
701
59
75
1440
1912
176
1742
596
1292
1389
1168
702
213
404
1548
388
1736
427
333
318
1195
738
453
1914
773
785
835
489
313
1955
985
768
141
1194
410
690
1350
878
1212
305
761
141
1604
1085
409
573
778
673
336
1782
1071
664
1203
1046
1393
372
696
1604
1397
849
783
131
1390
1810
50
1616
1934
1661
376
1198
1717
1508
845
1729
612
1342
1069
1918
1411
1394
1047
1824
1161
708
332
1302
1987
1158
1110
1669
1519
1356
292
727
1418
699
299
561
1371
1551
1187
311
1911
176
118
972
586
1210
695
51
993
1900
1786
1770
561
533
656
808
674
1711
1681
753
18
1991
760
1440
1555
1021
119
1795
1527
219
610
776
891
925
1985
1815
59
0
191
1440
1523
1358
796
1166
1343
1228
238
1613
1005
477
668
1613
706
1379
399
1334
111
1043
196
1702
605
1044
1413
862
459
1675
1362
708
1602
121
1766
1927
1819
1771
1176
1109
1181
1902
1226
71
1666
608
1268
1481
481
277
355
598
858
448
1138
709
631
944
672
567
609
1575
733
746
1468
195
1658
919
1810
226
1922
728
1670
1925
251
674
1130
1215
0
1623
855
1568
928
795
555
649
1057
744
792
1491
509
1763
1390
918
793
1623
907
198
1998
1570
1497
319
1136
885
875
1308
324
264
1033
57
1246
1897
1184
864
1761
1606
110
1037
1212
845
391
11
1572
169
1483
896
1756
1694
1100
17
204
561
1912
1591
1926
207
238
1111
274
1089
124
446
1405
1813
1624
895
1141
1091
1694
972
852
1880
1023
1532
831
222
787
712
601
1363
527
374
1910
1255
482
1093
52
1797
526
260
1263
1039
726
180
1242
904
558
1668
1816
1805
1501
1555
138
663
1073
1480
161
1450
557
1940
1272
1300
1600
1678
1203
622
1999
808
1427
1761
1231
1442
1897
1859
333
1435
777
1746
1755
680
993
1366
193
911
875
37
1978
1783
1735
65
1061
1451
325
630
877
803
1408
1488
836
1564
1327
1230
649
1699
928
1790
1925
380
175
1488
1831
1267
73
1922
1346
173
1019
142
1701
1670
1614
471
910
553
229
1565
1931
427
497
1328
332
1607
1274
1103
173
677
1662
1978
1875
1719
185
1446
1863
1020
935
811
1548
862
1807
628
555
880
965
524
1848
568
105
1143
754
904
573
1262
684
1630
949
605
231
1046
117
1078
267
667
430
106
1479
621
820
398
1605
943
1738
388
631
1191
723
1408
1045
1999
1206
1486
955
1040
390
1723
1197
1581
408
1084
110
1506
1472
776
1242
453
1112
1443
823
1067
909
1192
1770
1007
733
1001
1279
1975
472
916
497
1605
418
713
1721
945
111
1401
1381
963
1746
862
1451
