COL NAME: col4
2372
1098
8893
8390
3832
8785
2275
6421
2604
7585
7826
8942
4335
2658
1344
3981
4160
3427
7453
9846
7281
1914
7660
5064
5025
1290
7121
9640
8864
7715
10864
9236
1838
4235
5093
4064
2242
10287
8115
7476
6569
1627
8924
2682
4051
2186
5023
113
1083
7758
10213
5991
6051
5085
6425
7815
7955
6965
4274
10540
711
2601
94
8375
9894
4342
10073
6182
2545
7811
3694
3178
4877
5269
5568
10349
5096
6054
6590
4418
2330
1222
3920
9823
1971
2177
2364
7933
2037
7895
5145
4529
1634
7024
3898
6285
6585
6361
8850
1874
3267
10058
7572
3095
3259
4419
7452
1598
1179
3339
4700
4782
3076
3488
6992
5383
4536
1880
6666
3937
4572
1900
1639
7062
9572
2349
8368
2689
3898
3333
7950
7008
2009
830
8848
5395
8044
3310
9489
1346
10539
5253
795
5903
3962
10170
6045
7230
8840
4558
7260
5972
5074
4117
7333
9507
4474
6071
4114
3836
1801
6324
8770
9119
5952
7901
8546
3041
9504
7988
2428
8754
3246
4424
4591
1372
7228
846
4245
4150
2230
3731
8052
3137
6442
4363
5532
5910
4941
5751
4475
3961
4871
4741
7352
6650
7043
2062
7887
1500
4252
4767
7965
1779
4775
6615
3685
8943
4688
3140
1936
3018
9030
7857
5692
8834
4998
7216
2867
4961
2204
7625
7105
8785
7894
6920
8039
3410
8510
8016
1245
9234
9616
2051
4975
9642
8900
5762
9149
5639
6065
9978
3395
3588
2285
8905
6084
4471
4118
8914
9899
1781
1074
1717
5034
5908
571
2247
1350
5452
2506
9664
2737
6682
3122
7356
3723
8867
338
4181
8514
10212
5890
3704
8057
7980
7757
1589
4528
9825
10331
7211
6769
7230
10785
8736
7347
8407
4594
5598
5805
9619
4993
2775
2105
10472
5621
5292
7321
4058
4400
1059
10730
8498
8481
8833
5882
1815
8745
3655
4435
3206
4918
10279
9511
1415
4480
10255
6180
2278
9395
8283
5911
10754
9180
10039
9506
4356
7995
3351
4845
1448
3652
7746
4152
7031
211
7668
2079
4720
1790
8435
7931
1358
897
4806
4384
2536
1243
6893
2553
4617
1090
9908
7292
8561
2360
3771
6137
4033
10334
3875
9475
9224
9305
3352
7691
3164
7663
1570
2824
5349
10074
5691
2548
1371
8835
5841
6097
5462
3261
1203
3589
8864
10637
10598
4504
8972
8130
3476
5211
10074
3004
4405
1397
636
8678
10116
712
2710
6697
3800
4912
1896
10743
7306
1362
4685
3477
1375
4287
9186
2728
5039
9827
5012
3723
2498
8853
3285
5260
5639
1953
7929
5376
4313
6718
6797
3321
4152
9692
543
1162
6839
6955
1284
5843
8661
6938
2575
8756
6651
7072
10383
7864
6525
6753
5584
4022
2029
9031
4386
10067
3296
9912
3203
5192
759
5084
2705
6075
8200
3436
5738
8970
8798
7865
8505
1373
5610
9735
3989
2824
7231
422
4653
1052
5835
2676
7009
5835
4525
5644
7806
5485
3625
3489
5468
757
7864
8314
10349
9184
8488
3169
1911
1260
8873
6719
10342
3367
9331
1276
1377
6254
7638
7536
10333
5980
794
7350
2130
9196
1779
5493
5070
5681
1184
9478
283
5525
6600
8596
6680
6568
9109
3714
8782
2574
6042
3450
1017
3630
1070
4357
2339
9815
4604
6117
6653
4268
4933
7371
10139
5973
3636
3729
4582
9744
1240
5501
6117
6918
10337
4470
7256
549
633
7723
1331
3262
4839
1586
9083
5813
4710
129
8942
4730
5503
4005
7071
8550
6541
1335
1633
5817
1068
1556
1562
2957
10581
5452
7987
5035
3346
6297
6175
10273
2935
6618
3955
9629
4816
5015
3645
1474
8464
2939
9364
2301
1394
923
3263
601
9277
8018
7698
5377
580
10031
1564
8419
2043
703
2171
10685
7133
2913
8554
6721
9789
7009
10550
468
10550
2708
9641
4992
8840
4636
616
9089
1172
1131
3103
1661
476
4160
3079
7877
1652
3645
7776
4908
4837
1783
5366
3603
7059
10407
9823
3970
946
6565
9841
3213
6736
2361
9321
6967
8015
9133
2135
2515
1298
8789
2536
4013
4087
1537
9026
8379
10035
8970
2653
4697
1457
4120
5617
5491
4083
997
2610
3018
2096
9590
3710
5644
8957
8000
3718
8137
7939
4275
3318
3053
4644
5098
10447
1624
1371
4502
5533
2543
5147
4571
5942
7559
5598
2097
7139
3544
9707
6188
6870
2023
3826
4721
9403
6959
6356
9128
8752
3618
10555
5442
2647
6406
8122
3757
4425
2276
8490
3103
4281
5837
9346
3101
10003
2186
5101
1981
5057
9824
7192
9462
10221
4953
8432
3106
9565
6394
9065
6304
1348
5454
1337
9477
4140
1123
1764
2668
4739
4254
8727
5910
8511
8647
6137
2270
1502
7753
2118
8504
2530
9486
6810
9713
6038
9649
6430
1024
5428
1746
7048
7884
8187
10129
9827
4086
1257
4109
8340
845
1582
10319
618
7408
3905
2823
1461
1480
8554
8393
7454
9364
7917
4071
6937
7636
7961
3155
9248
4006
9344
7995
5748
1473
3636
4243
2564
9214
10026
9685
1163
5307
9400
1246
2259
5368
1575
7070
9945
4859
7613
686
3583
5618
8404
5262
7311
2449
10524
6741
8447
3699
8830
8372
5450
6074
4898
3883
9434
5105
522
4541
2060
1114
1806
3766
8377
2280
4217
8064
10372
1436
2185
8516
5654
9630
8309
10373
7590
5056
1615
5847
2581
1602
3607
6238
7500
247
4918
2583
8441
10424
2721
1795
8610
5550
3061
4229
9773
4042
7213
4073
7049
10051
3874
8332
6561
3339
1771
6890
1353
6673
7314
1291
3005
2128
4862
7931
10386
4300
5858
9849
9196
9966
2777
612
2642
7278
5785
7812
9433
2382
3687
3374
5407
5993
4930
1053
6026
3046
4555
6485
6186
2726
2142
4238
2414
6324
5309
4799
7441
7179
5564
5367
7084
2318
666
5786
7944
1214
10334
9863
8141
8892
4987
1590
1649
8363
8359
9161
2959
1750
5306
3937
2471
4613
2498
9041
7623
9019
6275
6857
3204
6137
305
5058
1334
1407
1708
8072
5989
7186
1248
7243
6882
3415
1038
4618
51
7944
8809
8211
4286
5949
6306
5609
3120
4183
8193
4228
9171
4610
10296
1416
356
6917
6545
9725
5371
1990
6398
1724
5122
7844
1761
9379
3886
7025
2757
3461
5992
2953
8046
4479
2063
8897
1152
9770
5711
8989
6764
4968
2004
1685
7897
5528
6159
133
8866
1583
5839
2586
6375
3523
10684
2072
589
7107
5876
1478
5912
4094
4359
4487
1594
8362
400
7939
8208
4185
3347
1599
5079
4628
10171
1097
3431
3432
2245
4524
2777
3323
7551
8499
7237
2943
7245
7568
7600
3332
2715
3620
4459
7019
4974
3622
3535
5029
4145
7043
2356
5317
3147
7847
4672
9304
5793
1973
10201
9928
3881
8538
2703
7546
9212
5436
5470
3623
3222
10223
1385
7303
1320
10712
4644
7071
4411
8734
5875
10033
2752
1851
4879
5095
6249
9430
10441
3160
4361
2200
6641
2807
3320
2341
5078
7197
3330
7987
6810
7465
5323
1807
8321
4894
9373
5578
5670
4110
5556
10601
9469
1305
2500
8474
9871
6163
9554
7728
2620
6454
9941
3662
7569
10626
7292
2153
6526
7977
8027
6064
6396
4685
9097
10348
597
8611
6087
2982
536
5074
4135
7783
1876
6523
7147
3102
8686
5432
5234
8105
3320
7468
1194
4573
5817
6765
10091
5883
8931
6195
9642
5444
5794
9090
2561
2297
5380
3315
8107
1261
2381
9673
9230
1878
9320
4766
4829
6940
9173
8662
5996
4139
3970
1649
8444
6824
4859
10170
7774
8996
6704
5751
10517
7224
8715
7306
1989
8682
4086
1805
9220
7129
1901
9721
7650
5880
3204
2572
7961
2904
8429
743
9690
3265
5934
9216
2762
4595
8047
10074
7338
8060
3412
4054
330
7837
2155
8162
2511
7542
4044
6413
2785
7999
8869
3504
6073
8541
5487
8736
984
4417
1539
8602
3711
4823
1393
4848
10192
4858
7314
5106
6739
7383
6044
491
7330
1187
5752
9683
8683
3623
8548
3889
3047
4181
6046
10007
1471
7667
7930
505
8585
2537
3836
2299
3737
3956
10067
6537
1887
2067
8078
7083
4583
5227
3223
1836
4164
5150
8569
9019
8007
5966
10279
6989
5452
4634
924
9585
9143
8953
4384
1676
8925
8746
1195
6681
7981
9565
6296
6040
8126
5307
8215
3588
6184
1215
5003
7964
4154
9939
5655
5436
1572
8029
8654
5881
3320
5366
8264
1616
1621
10170
4350
5910
465
7626
3201
4130
7370
2042
909
10353
6120
10472
9381
2580
3326
9380
2087
5726
8152
6237
4724
10170
1411
3682
2663
3637
7027
1336
4379
9025
7232
2172
5305
10088
4540
3437
2422
10458
6884
1768
7788
5946
4743
8534
2519
6011
2144
9501
2938
8601
3096
4617
937
8642
10593
8538
7070
2686
7430
6368
8091
9730
4445
10263
10151
7415
6531
5431
6226
10586
3562
5772
2743
7351
5227
7824
1905
1971
3120
2746
4787
8760
7224
9003
6178
5856
5138
4822
10517
7357
3452
2121
5446
6043
1110
7459
8969
2813
8259
4913
10068
2265
9963
9677
1526
10897
6977
5618
2934
4586
4849
6651
5446
3795
7715
2896
1796
8496
5447
2480
1781
8060
5056
1620
3728
9325
5529
10054
9756
7004
5396
4060
1459
7699
5735
2671
3528
10108
3337
9719
9453
3009
4996
2245
3845
7810
5893
4110
7901
8822
8854
4244
6201
10091
5460
4644
3441
8213
2590
7597
4648
5755
10268
5030
9315
9384
3355
8323
3725
2393
4624
3966
8255
9042
6122
9176
498
8428
802
7216
2876
9500
847
1791
3572
1023
10607
9498
8765
2101
8522
2434
1894
6241
8506
9491
2230
9407
3206
4629
7892
3384
10607
3538
10074
8095
2632
9788
9782
4271
5182
5395
9497
5045
606
1872
1722
9394
6965
7528
5311
10337
8334
8537
8080
9529
10412
6743
9364
4459
2587
9489
6197
5477
10940
8926
8417
6341
9452
2400
9687
2278
6058
4842
6874
2473
6947
9107
8338
10020
8168
2874
9799
631
7196
2303
6261
4249
4810
1740
2153
3000
2298
1414
1494
2464
4223
7849
1112
6745
4518
3542
9391
2818
7282
1923
1175
1987
8783
10692
1099
3917
6283
10542
7238
9715
3679
2343
10405
2330
10459
4746
9954
1069
7595
1002
6118
7472
4281
9084
5803
1292
518
4210
9452
6627
2623
4755
9065
8353
8687
692
2042
7594
7357
887
6017
5950
5484
7829
4767
2488
6662
9412
8778
2270
8342
8634
9837
2987
9893
6103
2857
1317
8641
1179
7439
4048
10236
9765
9969
2150
5297
651
3193
6809
9713
6077
6295
4201
5724
4787
6558
8263
10141
7067
8771
1249
7130
10442
6240
6727
7232
7487
851
8046
3475
9420
8091
2973
3359
5358
9646
3526
9776
7917
10028
105
4981
3438
2582
10185
8551
3709
8877
8426
6065
10330
9022
7830
5632
2729
5415
4450
7015
5480
2270
1319
3642
9464
6541
6602
2673
2616
6845
10002
7240
3652
1619
6080
10812
689
8681
1176
6049
1275
8369
3918
8083
9929
5372
8171
241
8934
9418
6449
8842
5996
1726
9860
7992
4541
1137
4363
4796
3267
1136
2299
4469
305
1788
9419
3737
776
3474
928
8044
10035
1789
6997
7846
9176
8800
9989
1942
9353
3432
2279
6605
889
7533
8495
1543
1653
9612
6913
3704
6686
4259
7428
5881
6932
1804
2565
2010
1685
2828
6037
1231
9699
5209
4617
2450
4784
7619
1905
6778
3249
6074
7279
5658
5140
2137
7279
7239
2700
971
5133
806
8762
1287
1499
10024
6265
5046
1981
7182
7211
6647
8924
1751
5162
8836
2017
3226
1653
2742
4813
1830
7450
6412
5134
3379
420
4522
10464
9502
4385
1045
9531
7759
8166
5914
6316
5145
7155
6904
9540
10247
6151
4310
2677
4467
4581
6864
8675
3724
6850
8951
7775
7785
8937
1480
9444
5655
1424
7719
9096
3157
8998
8887
2551
2952
3533
5864
8218
5491
4172
3951
3896
343
7474
3227
1207
7819
1613
5573
8475
7270
5832
7607
10491
9235
8881
10482
4063
7916
2410
4979
8370
3614
2745
3388
7003
2424
2698
3732
1233
1725
7102
4428
8196
4055
5163
3133
1684
6856
7694
8948
7433
9707
6947
5631
5677
503
9138
9727
7324
4506
3023
8042
10366
8848
3702
8395
7826
5918
4962
6474
10252
8313
10539
1933
3236
8990
4090
8636
5342
3266
7215
3307
2027
9339
651
1192
8666
4990
8736
8728
1299
3320
6119
5759
3189
9377
8395
3670
6417
4251
4417
2764
1497
5717
3532
6561
1988
8325
1876
1474
3701
2963
8732
4249
2296
3059
3707
5054
9090
4183
9413
7731
7141
6281
3508
8450
7931
2026
9384
7781
8483
3171
2475
9136
650
5283
5253
1275
1121
9917
2396
8116
6044
3908
3873
1501
8825
9906
3493
4631
10406
8757
4128
7364
10576
8982
5717
1970
2544
8436
9085
7325
6090
9495
1063
1106
8053
5254
9816
3489
4006
2113
7132
6046
5896
1306
7074
8614
3403
3364
1934
7329
6374
5420
5089
3968
5892
4393
8973
7000
4130
1839
3898
9354
9249
7955
1199
9025
7794
9775
10047
2796
6740
5189
8275
10731
7246
2896
9910
6371
1641
1707
2064
3166
6982
7366
3859
5499
7024
9216
10219
5841
3117
10729
3633
8260
9923
2619
8617
954
9715
6306
2252
2336
8961
5170
7014
4445
2698
10007
1499
3731
7275
8452
1043
4648
6217
8394
5297
5186
7714
967
1268
6450
6860
10361
2732
6096
6649
7261
5401
5352
1957
8558
4724
4112
7740
10434
4987
9391
10236
4050
2779
1490
5387
6397
8575
5274
4932
10220
3119
5504
7688
2285
1356
3623
1497
6158
9770
2546
828
6596
1634
7669
6626
6260
6470
5076
3854
2984
10396
1320
4105
432
4168
8095
1070
9760
8819
6538
10255
3709
9691
3336
8700
9435
3145
10443
9418
4104
3072
3672
9865
5511
9272
993
9349
2454
5682
9295
5021
9514
8939
6955
7746
2203
6686
9343
6278
8662
3691
697
1061
10466
621
3894
2572
4412
7978
10797
4671
6267
5235
5618
6368
5668
7781
4782
2707
1780
5267
7292
9476
6241
5570
4227
4597
1158
8575
2439
6111
10718
5170
8079
684
7013
1293
2841
329
7289
982
3055
8903
3186
8635
2179
4901
2079
7336
10213
5256
5439
8292
1002
539
5465
7489
1653
7753
6007
1202
5321
732
5389
2258
3653
6234
7146
9915
4811
1221
6773
1853
9718
6969
5168
370
5388
1778
7029
2375
1562
9720
2311
9328
527
3324
6627
5987
1533
7107
7090
7620
850
1893
9923
8086
1529
8340
3318
8775
3956
836
8296
1943
7832
5891
9279
5970
4346
1990
7180
9860
3914
3333
1344
3887
2614
8559
3329
7272
5049
2626
6835
1260
8587
8091
5233
8080
5816
7582
10135
7599
8298
5834
8752
6537
8349
7270
10613
2726
10358
8284
5352
4631
9376
8639
7855
9983
1591
5835
3962
9673
2370
9821
1688
9755
1554
2421
3386
5512
10275
6240
3278
1141
6074
8051
5549
8108
2176
9750
5403
2960
3453
9238
1550
977
1882
1596
4643
6144
634
813
1110
1927
429
1921
8400
2812
9725
7273
339
7906
10437
7824
8450
10264
6301
9383
2073
2756
6607
3102
8698
9291
4351
5337
10426
7983
2098
9535
5348
3619
5286
6190
6654
7379
7709
6198
550
5753
714
482
8479
9936
6661
8775
1288
9963
2872
5597
2155
3524
1986
4785
2175
996
6704
7485
7125
2659
7514
4683
9002
6817
7510
3062
5428
5637
10429
10475
1951
6855
6355
8683
744
7693
9712
5044
1480
7316
9404
4133
9195
9812
9734
4336
6276
7436
8065
3780
2605
4756
8370
6863
3169
5742
903
2688
8952
1189
1892
890
6082
5040
2980
5927
5300
7742
3824
6756
7834
2051
877
3653
7242
4621
4843
9075
5452
6569
3734
4823
7635
9085
8295
6448
7001
10029
5099
4444
8516
4199
7848
9431
4090
6966
3285
2408
5264
1887
4012
350
3819
5891
4475
5538
7638
3457
9953
1544
2025
6712
9794
6495
681
5941
4626
6021
2875
2881
9359
5711
889
8407
2708
8839
9346
5423
7154
4003
8839
873
9871
1533
6536
1872
7773
10234
675
3692
774
2155
7165
1470
5333
3985
9267
2620
10354
10341
5776
4265
9584
10215
2918
2323
1305
9320
4546
2553
2994
6325
2327
2793
4182
1975
4152
5428
2645
1286
4992
6868
8828
7552
10023
8859
747
5450
7446
2928
5112
5964
6137
4269
932
5508
5025
9330
3521
7356
2389
9685
4625
1486
4030
9279
7042
10155
7108
5976
1834
1382
4977
5353
8726
7236
2412
8752
9814
6885
3413
5882
6495
3521
609
6354
4130
9056
9618
7037
7832
7146
3418
4612
1759
2247
1710
1776
1579
4841
6755
8432
6376
8947
7461
7793
875
6569
9652
1977
5138
9826
5643
427
8368
3412
1284
2199
224
9377
10602
5426
5744
8054
1403
3435
3465
8965
10539
2281
10314
4461
8690
10311
5025
5318
4619
4079
9557
1398
8964
2529
9591
1002
8563
736
2963
6676
3945
7541
7264
771
9020
6977
3582
4919
8556
7675
1215
1299
4219
3180
2679
9629
1838
3161
6770
1483
10288
6067
7890
5220
326
8037
7732
4377
2293
5781
4350
5375
3337
3883
4450
6576
6170
8232
9759
4087
8816
8935
4080
8198
4746
9321
584
3837
7778
5947
2142
5306
1290
7936
8476
3823
3039
1667
10462
8280
3915
3315
7876
292
1056
7059
4311
8747
5632
2083
7402
4367
230
6694
4378
3647
7187
6506
868
8456
5654
585
9373
4478
1283
2587
3968
615
1552
10326
1227
3286
257
3914
9036
4507
10529
8226
7341
1051
7455
8438
9400
3084
1252
9893
5212
1112
3950
6457
1850
2765
8813
2653
9153
6208
1314
5599
10656
6412
4300
10152
177
3921
6971
4560
2446
4889
7560
7571
5503
9407
6114
5341
9912
5443
2959
581
2238
5833
7951
1319
4595
8835
7389
2278
8229
2131
5957
10110
1956
9564
6923
10123
10157
5604
5946
4561
8510
1592
1217
800
8753
10173
10442
4501
223
5083
5095
10620
3139
5694
4484
9282
8209
4565
1624
2726
7423
4445
633
3755
541
8622
8109
3397
2183
5028
1505
4455
8648
5467
4078
9864
6383
1508
4217
9214
6444
1593
5283
1899
4792
4769
4164
609
9810
3721
6776
7625
10320
9784
3186
4996
670
6448
1371
3010
2223
1280
7989
6560
9511
9556
3470
9321
8034
9886
1071
5920
4980
8500
5289
5332
10639
6343
2231
2930
8569
4115
5102
3999
9679
7075
735
1094
5396
3656
3113
2257
948
3514
2012
7377
9917
249
8050
7852
7480
6114
8292
1944
5256
4715
6213
9449
6822
8281
3964
5750
2274
10683
1005
10147
9532
4822
9373
8945
10592
7536
6512
5942
4730
4514
8461
7591
3656
6686
1736
8236
3514
2129
4215
10265
8647
3754
9440
6301
9290
2497
8417
8729
5327
4307
6426
6339
5029
4925
7054
2634
5130
9289
7675
2875
8379
6070
2155
9190
4053
8894
4329
563
8122
3598
1273
10365
5206
8750
2511
4553
8461
8291
430
4821
10502
4122
857
6678
5172
8289
2252
2959
9682
8943
2058
5752
2814
7327
1302
3198
3978
3909
6963
8488
3200
7086
7307
6108
6437
6611
9401
1322
3180
2884
9906
1468
7725
7337
3338
5467
8707
3242
238
10013
3982
2379
9184
2625
9486
2396
2104
8965
2110
8423
6065
7431
10068
3208
2766
9618
8545
2251
8406
5531
6817
8405
2217
3218
3377
6639
2847
2031
5966
755
8196
2890
10737
9525
6364
1439
2665
5891
5425
6042
3700
5503
5401
3565
10114
868
8466
3399
10202
8286
3717
3582
1876
4269
7538
7113
8033
7827
1766
6769
9384
1682
10321
10122
2152
6017
3579
6593
1859
2671
6903
5816
1417
626
6545
8477
3840
4234
1137
3418
4857
3954
6340
8902
1600
9088
6990
4642
7477
707
9008
3066
6906
8458
10491
2610
2540
9992
6765
10393
7732
4326
5734
7753
4533
3417
5071
3358
2030
7599
7040
8313
1989
8968
7868
7582
5468
4671
7917
6886
941
10741
5518
1097
6290
2255
509
1541
331
7219
9534
3930
2190
8375
6999
10138
3572
3161
4797
9445
1379
5294
3222
2125
3681
6857
5094
882
6400
2401
2761
9848
8744
10235
7687
8239
8437
6672
10553
4474
6580
8122
3001
6070
6904
9422
2172
7601
6816
5961
7008
917
1680
9794
3278
5016
6242
6118
2611
7167
3752
9198
3163
4546
1186
3026
2490
6638
4201
3377
10402
3562
4322
3855
8198
1845
3894
9180
6223
870
8063
4782
5842
4934
9064
3027
394
6408
4921
5743
7986
4266
1709
5484
1809
5577
749
2094
2517
2768
10751
8757
3115
2063
7656
10237
9430
4570
2935
3840
9481
4492
10775
3409
2789
4853
1725
987
6328
5762
3811
6410
8747
2942
3395
9498
5294
3417
2738
6702
8194
8743
4382
3681
9017
9967
4608
1852
4748
7559
9849
4062
2930
4981
2717
9705
9136
6608
10035
9507
9952
10234
4609
9581
5456
3435
5348
721
5783
4115
9625
8140
5433
9741
7290
8125
426
7302
6437
6083
8075
2902
8035
1492
7460
8940
4844
3884
8540
1305
324
7260
2080
5036
3478
8318
5445
9395
4100
2893
10049
5408
4589
6146
10183
9904
1530
9075
9388
4915
7671
4326
7828
2431
1654
2487
9248
3380
9465
9751
7017
7056
4555
4833
3251
6034
1347
3490
10277
4141
2448
4889
7779
6425
10228
4623
4355
7470
10149
6544
10365
9995
5784
2519
1979
8236
6277
9402
7292
3935
1643
5025
7300
806
4979
773
6596
7375
948
9282
1149
9015
5973
6165
4596
10304
4345
9297
9889
6474
3517
7592
4010
1318
9104
9281
8185
4185
4860
2818
5982
7746
7124
2318
5514
1400
9461
10475
7103
7899
7706
8733
3915
6625
2327
1846
10300
8881
7495
4380
8987
9614
1910
2337
5931
1669
9950
9492
9647
6212
1050
7573
4787
2824
3418
5650
10443
8784
7179
7100
3018
3163
5283
9685
368
4401
3755
866
4241
5612
7714
4343
10730
1236
3373
6525
2344
7327
10095
4322
3122
1368
2527
7104
570
10185
1898
3132
1882
2392
6651
5626
8765
1565
5166
8064
8014
4411
4381
1836
4153
7997
1735
7633
7132
3572
5212
3887
7093
2732
7360
4591
1653
7856
3540
4039
4766
1690
969
2839
8541
5448
10346
4073
8609
6494
9903
1810
7794
1340
2048
4021
4818
1692
6560
4745
1583
3623
8423
6011
10350
6393
5144
6100
5380
7977
8669
1050
6149
8552
7165
2799
6745
3066
1337
2588
4462
7169
2979
10313
1693
4332
6736
3833
5132
1277
7393
1365
8138
1886
5431
9129
9714
522
7260
5562
7491
3120
9090
3938
2561
3789
9246
3851
9402
8652
1213
5371
6577
10361
3853
9531
4746
2069
3321
4621
8266
9866
5083
4079
8043
842
2444
5138
10235
5363
9635
4849
9135
1308
4859
5581
3789
3385
6292
2271
6658
10053
10083
8275
5405
645
8395
1795
2927
4917
3093
3962
10284
8782
7347
1141
9078
5853
5453
4902
5210
6359
4121
1416
10166
925
4720
4926
5370
4451
8236
2026
9892
4451
3060
4756
9418
3883
9577
7194
8017
6119
9286
2310
3630
7552
4363
2600
7337
7762
4543
6763
3881
5004
1118
732
4796
7013
3969
9801
10307
5863
8184
8449
422
713
7557
7595
7845
7632
3129
2298
5782
3072
9516
889
8793
911
7722
10395
10797
7802
3032
4351
5700
1322
1263
5689
4631
1285
3119
1920
2986
7179
9978
5244
1339
1334
8253
4923
7211
8005
2312
2019
7960
1883
7082
1554
5051
9951
3837
8417
7611
8647
9095
10345
3136
5221
4325
6718
2478
4944
6097
5092
3661
5570
8202
4017
1676
1295
726
8035
1620
1269
8642
4379
9031
6956
8716
1150
6304
4511
1438
4070
4710
3320
2014
1320
4283
8532
552
6378
5550
8568
4543
4542
4096
2322
358
1030
7361
6721
4378
3821
4367
8216
5158
2826
7544
5794
3534
6344
5053
492
3980
9300
1680
9914
7674
7176
3953
2416
10607
1214
7846
3989
9379
896
4034
3553
4324
5318
5781
8786
5129
4789
607
8732
2181
1125
356
8315
6172
7634
573
6404
415
5964
8672
10626
2943
4114
9703
5550
8480
3516
1143
10361
8324
3777
5865
1765
8288
6490
6254
4266
825
1346
387
1447
8781
2254
7432
3979
5652
7809
10611
3062
3267
6504
2807
8564
10263
8443
6994
8675
6021
9549
5961
4200
8964
3174
5173
4181
1852
7761
2296
10385
4800
9622
5614
8631
824
5206
3690
2676
1124
5807
4656
5275
2405
5012
8740
7039
2933
8439
6746
1171
6109
9518
2991
2137
5220
1697
7685
974
3107
2991
7698
7830
1083
2524
6667
3956
2244
2779
2707
4009
8756
1102
2268
3064
7707
6145
1853
4054
8297
3907
10001
7809
477
4679
9870
7284
6670
1953
1718
5037
5956
1566
6177
950
2346
5255
8794
6854
7413
993
4395
8975
6512
9776
4922
6383
1109
1315
7465
7778
8773
1528
5499
7557
896
4480
8835
1281
2117
5517
3017
10284
941
1788
9647
9377
8894
8410
5615
812
1325
6114
10325
4902
5953
1171
1175
9324
8542
2316
8211
3227
4653
1102
1182
5936
744
5795
971
1521
7490
2712
3644
4158
2078
8414
7223
7413
805
2549
6620
6670
8824
1516
6175
10193
5988
626
10493
1929
7742
4601
901
7143
3837
5936
2711
7053
5601
5173
7507
8433
1210
1257
4800
7691
1224
3552
161
1634
8261
8322
3935
6437
9273
7632
4280
8679
5796
2618
3453
4476
8050
2798
4664
2901
3553
9474
6077
2951
4416
2750
7821
1466
4004
6936
1173
950
8685
2747
2000
7468
6672
1755
10381
5910
5552
4062
10475
6767
4951
5029
6188
7883
7272
3530
3084
7002
8724
4268
7120
8093
10399
7273
10286
1857
9850
3585
8854
6804
9014
10354
7070
6092
6472
2126
5772
4611
524
4771
2347
5587
5631
6711
1273
5797
704
10302
5547
8730
5261
1452
2197
2569
1135
4485
4825
7995
3547
811
2256
4674
3881
6565
5459
2277
9230
1663
3699
9765
5082
9849
8269
5398
6713
5398
1609
10835
2062
2629
10114
3522
1200
8214
4017
2436
2442
6182
813
9804
2459
2272
6622
6016
9676
2888
8899
8732
1012
1095
8254
5466
4813
9072
2034
2300
3433
5261
8334
6716
6464
10152
5373
10070
3652
9362
6860
441
5530
8106
9626
1224
6246
3720
2591
3324
6247
2280
7937
1135
2666
10425
6003
1655
6437
9970
6132
4195
2895
9418
2199
10540
5836
2353
2077
4807
4434
3232
1236
3450
8447
6576
7262
3508
5984
9956
1873
5169
9750
4214
1219
9786
7813
3355
8745
6554
4491
5492
9761
9758
1179
2333
9770
4280
6535
8970
1211
9137
1972
6158
9612
5070
7192
6833
8641
9811
5126
2946
5105
1530
2926
8127
3998
4250
9121
5071
6238
3611
7602
2649
8183
8482
3438
7724
7889
6679
7254
3297
3880
5684
1324
7196
7819
2532
9772
5845
1829
9017
3719
9630
9978
1178
7682
2209
9510
4715
863
9902
8052
2539
9086
3802
8103
5371
9612
6438
1837
2590
6212
9038
3386
3800
3027
7307
1510
7213
6045
5251
9249
9592
3712
8024
1024
2733
4514
8406
4861
6639
4876
3309
3381
5396
7413
4056
6124
6832
1905
2228
5457
3706
499
1574
9260
6939
4742
5392
5569
3935
1095
4339
10192
345
735
2854
3820
8614
6332
8704
9650
4351
4587
2561
10685
4657
2508
9506
5955
9165
9047
9467
4302
6122
2325
4477
1555
8369
115
5069
6065
3775
1362
5415
3988
5126
8333
7234
6926
10346
2108
902
8905
7847
1930
1726
10189
3136
2424
3494
6522
2274
2180
8872
2682
10218
6838
3475
4484
7518
4153
1609
1396
8033
5484
3113
2515
10324
5203
2804
4297
9424
1464
2642
8700
4380
900
3234
3769
3737
7342
10241
3891
1858
3913
8413
32
6407
2483
1768
9785
1465
1137
1006
2531
3432
6543
6353
8512
3975
2588
9497
7946
2411
6594
9594
5849
9354
4746
8719
5050
4487
10344
6699
6391
3724
10214
8868
2000
4612
4955
968
7754
6525
9317
8631
9957
9006
4972
8062
9104
8597
6085
5217
2879
9394
2919
5668
3579
9325
9513
7438
7278
3693
3047
8023
8164
8610
9377
1256
5652
7526
7576
3027
3116
3782
9694
8503
8988
5460
3059
4935
10424
3184
4475
1929
2930
3571
7866
2728
1639
9934
996
10093
9803
6477
5046
3228
4599
1911
9893
3278
5316
2035
9959
3307
7788
3410
5392
1153
4090
10541
4134
2493
5748
1293
3752
9682
3301
9862
3306
1253
9401
1915
3359
7659
1852
1458
5708
5333
9156
1346
4969
2554
3922
5239
7533
474
8464
6138
3355
7791
9239
6497
4033
3094
2409
765
9246
2889
2901
3286
9258
6404
7485
8574
4723
10486
5388
9019
3845
3894
9537
1249
9983
6007
5793
726
2831
1405
7456
5340
4027
3800
6300
10415
9701
7134
6810
10408
5487
4985
7050
9284
7960
10575
2319
5025
7983
7622
3397
7321
8040
10269
3524
4667
10026
2373
6527
2021
9120
6316
744
7264
5029
1236
727
8181
479
5600
8351
4932
3376
5163
2741
2857
2863
2951
6056
1540
4226
2289
6952
3001
5777
10341
5947
4003
9210
8934
9862
7219
4177
5147
479
7096
7622
6195
10104
4247
1064
4263
8997
8514
7462
6643
1481
1514
1908
640
9408
4157
3386
6066
7798
10137
6071
5986
2118
6972
6302
4084
4551
7418
5016
2138
6864
5475
6399
7438
3966
4671
4286
8347
5249
9626
3858
9771
9244
5820
10042
4679
8421
9848
1696
6416
10356
9754
1679
1649
9944
3296
7006
1219
6032
3094
9910
153
9152
9865
3974
2140
10117
5203
9272
3378
7215
9672
5985
9095
6495
9030
1032
7259
8250
3551
739
8150
8933
9892
5357
5400
3596
9076
1899
9431
8456
4963
1462
469
3337
1082
9456
4338
8849
3780
9551
5866
10115
9463
4792
7182
2939
2769
8708
9922
6429
4143
1267
4997
1043
2360
3567
9857
865
3750
6209
1513
4099
10053
8876
2451
10443
4173
8493
2025
8551
9941
7739
6155
8112
4545
9759
2830
10010
1683
1564
1407
5831
9937
5041
2328
765
5432
4545
7263
6072
9745
8791
2941
2239
1772
9308
5352
7318
1650
7236
9188
98
5022
9645
2689
9405
8198
5061
7456
5500
3199
9190
3364
5631
4095
6941
1754
3208
2813
7208
422
7396
7985
2313
4659
10076
5530
4069
2939
9896
8925
5117
2949
5489
4185
1214
1440
7341
6193
3355
1961
6333
228
10545
8804
1328
8340
3150
6373
1422
7358
9324
3988
1103
2738
8059
3123
1499
3588
6929
1275
6318
483
5447
7350
6499
1369
7041
5645
6969
9239
9468
4287
6938
9667
3441
2177
1727
9228
5776
6929
6397
7805
7767
5546
8250
4843
5354
2278
4141
7934
7926
6622
8601
6191
7628
8669
3191
3084
8584
8657
7736
9615
9515
3664
7392
1057
383
1204
9370
3445
3658
8033
4857
7528
7641
6555
3336
7104
1716
4870
7438
889
1251
4042
9007
2567
3823
5369
301
8697
4563
602
4959
4417
2153
3248
9199
7469
7279
9973
4832
1513
8967
9949
6521
1995
5125
4146
3310
7444
5195
730
3143
2797
2422
1195
9480
4696
8289
5748
7251
4300
2805
8684
2091
2753
5766
6674
7551
8541
1854
6872
5455
7979
3654
4503
5844
6168
7595
6614
7639
4308
3837
2626
5452
3346
2438
2873
10893
8728
8843
5221
9160
5775
5847
4803
9752
8417
5299
3480
6563
3004
1053
5025
7184
1653
1792
7693
7540
4838
2678
3837
854
9715
4992
9440
6668
620
5323
2782
10808
9736
9714
5757
7878
5740
10766
857
185
2923
3885
5347
7739
9047
8459
8647
7171
7452
1132
9427
7186
5169
7869
3297
1304
4914
4083
8770
9771
7386
5808
4188
1545
7896
7941
3146
7380
7754
6383
6173
1898
5506
1629
5986
7772
4791
3558
809
6479
302
2913
9551
6199
515
3297
6945
1772
6107
8533
9082
2491
8329
9942
628
4165
9117
4036
9659
5542
4266
8796
1112
4252
3014
1798
5763
10693
6774
10359
9903
6437
5738
10043
8917
4338
6533
7678
4570
3946
4980
376
2756
6727
7555
8679
1276
2684
4619
7222
9310
8324
7106
7633
8629
8414
8772
5053
9927
2793
9425
3299
2216
5658
7341
6594
7122
7099
5087
9637
10847
1748
3334
10207
8799
4380
1976
3497
6740
3640
7982
2315
6938
7923
6196
4684
1325
6414
1412
9985
6751
2849
660
2633
7033
262
6758
10718
8331
10163
1433
8428
9488
4891
4933
2811
3933
5509
356
9780
6054
8872
8589
8350
732
8448
932
6706
7628
2597
7594
7599
5320
9138
10006
3069
2289
1797
4207
6876
4354
2612
1338
3408
3801
8297
6738
6235
8201
8126
3990
1414
3623
3687
7279
4619
3363
4972
2256
3007
2208
10029
8281
10835
455
4937
3389
10034
4474
7683
1339
5116
2091
2003
1410
6471
3577
4263
6981
5477
4375
2578
4507
6040
8111
2241
7362
1886
7222
5943
9077
9719
6652
4360
1520
2786
2688
9573
3373
9604
7084
8395
2728
6736
7731
2514
5681
7473
4009
295
10047
9395
2599
7311
1658
5604
5294
9745
2344
6541
5783
6137
1743
10472
9368
2457
4285
473
5048
6380
10288
8714
5494
6673
8864
8344
2119
1442
6255
8251
483
9190
3015
5251
5585
4379
2602
4064
9328
2744
6908
9964
1063
108
2699
2462
9467
8997
4490
860
9335
9144
667
798
4931
7877
1140
6150
1022
2836
2292
9191
8880
7916
10762
3031
7715
1170
10276
826
3984
9170
703
1023
9983
5017
2471
10294
6651
2899
7151
6645
8170
1107
9201
9650
5796
6590
7308
1669
4741
491
4033
7018
3834
1596
4195
1195
10013
1431
8503
3793
3938
7226
8070
8629
9761
2712
4859
9058
8264
4505
1041
5569
561
3313
8683
787
583
2180
933
3828
4252
7583
9926
6841
5589
2285
6904
8232
7286
4342
7826
1688
1968
9809
9222
2971
1604
8106
4304
7326
5171
8746
5438
6715
5056
8175
846
3875
8106
3685
7250
2096
1666
8206
5359
1048
1275
4465
10155
1288
9532
8232
1165
4072
5559
6049
4526
7211
4845
2024
5307
10110
3323
8486
3164
7145
68
6807
8200
10203
2411
10368
9539
9500
10094
2415
789
9929
10050
8774
4526
8354
6126
2566
1840
6613
1409
10271
6801
10173
4809
2272
7169
7722
6301
1044
9943
9663
6985
2872
5723
5484
4967
10141
2853
8608
2956
4724
536
9219
2669
6075
5835
9874
1613
3034
6417
8725
9052
4651
9131
3655
5070
1211
7986
6963
3659
2440
2086
6748
758
6504
10089
7908
1189
5338
5736
9756
8500
9781
6751
2214
10637
3034
4778
6702
4281
3368
9633
2837
6905
6943
6819
10082
7958
10128
9962
1621
9853
614
8566
4610
3445
9109
1730
9830
5496
8741
6781
3229
8354
6787
7189
4296
9954
10098
9794
2851
7168
8648
4064
586
4280
6561
8414
10554
3234
1501
8994
10153
8249
3227
7073
3048
9795
7970
7957
4514
8954
1640
9030
2096
5322
8096
4979
4739
2448
7227
1600
2533
9967
5985
7717
3537
5809
3478
1410
9548
6250
2766
6482
1990
7252
4720
5887
9296
4006
9420
5166
6886
4497
5965
8357
5809
6365
3201
4539
6155
5820
1260
3581
3876
1682
3961
643
10561
2311
3687
8951
5757
854
5872
7038
4006
9578
8820
9813
2834
8270
9480
2199
6408
5389
9597
3599
4377
5511
1727
3326
4201
2669
6979
1592
5979
9987
8058
5765
4634
7126
9896
9669
1695
1622
8149
7869
4208
8383
7898
2892
9099
10805
6645
8534
3917
4036
8599
9106
4664
411
8822
7955
6162
2427
2039
1724
4752
8212
10449
7015
3205
8097
103
5100
5188
3839
7143
2029
9636
4763
7212
9083
9779
2345
5226
6786
6782
5321
4804
5639
3496
5366
5544
783
8192
5236
6504
8208
2400
9916
1992
7456
9130
3582
6311
2529
9117
8551
10338
3268
7069
10085
4721
8558
5443
3963
2063
1531
6978
6680
9402
5513
4722
7825
3970
7107
2365
2729
7803
1546
6114
2643
6025
4636
6690
4507
3070
6728
7868
3762
1600
2329
9420
3647
9688
8111
6251
3901
7890
4457
9576
6795
4432
10058
4028
9991
7844
1159
262
5722
7504
1198
463
6443
9624
6847
8903
3627
7873
63
5988
3535
3835
3297
4267
6518
5103
7734
3198
457
7821
9114
8366
3349
3854
4553
4667
4740
3394
3000
6961
3807
6041
7049
3234
9021
2194
3780
5549
6269
4128
9161
6661
1079
4192
9919
9029
9353
4182
7053
299
7454
10418
8174
2606
4691
3855
4509
3314
956
10122
9406
9978
8492
9105
3109
2055
5672
2737
2936
9449
7375
7982
4727
10573
1968
8220
1944
8097
5019
2303
667
2703
7124
10303
3960
9158
7665
10601
9166
4429
8655
8070
6665
8140
4091
1914
4386
3982
499
9546
4633
9285
8309
1618
4761
8294
8504
8750
3066
8643
2059
7648
2013
5074
7742
10207
7439
5026
1036
7440
3260
9173
7045
8696
2111
1060
5173
5713
4857
2329
5295
4767
455
1043
9137
3820
1235
7254
1545
4028
3347
3294
7346
2140
2190
9552
5384
9887
3569
7753
2502
9889
4403
7160
897
6032
9640
10466
5187
4243
4187
9786
4429
6703
4085
1671
8478
8718
2906
2036
9388
7702
7653
10301
4737
3568
4365
9141
9419
6125
4990
9944
1245
6982
8015
6978
4854
3201
468
4464
3588
2925
5519
8260
6738
10034
6653
10076
4190
1144
7115
6733
6652
2241
8539
8281
1906
492
3589
7053
10232
762
1089
5950
5792
5070
7367
3843
3824
9485
3649
7419
2587
4623
4569
8177
2896
9023
1755
4664
8158
1352
4734
700
10674
437
6883
6200
8181
9300
528
7609
7228
8496
967
4858
2299
7867
2173
6086
1985
3468
5306
3061
10869
3624
4905
4892
4979
9480
9925
7695
1486
1872
8321
1646
8933
9596
8477
5727
1945
4626
1001
4068
2117
6346
5255
3627
8532
7582
6287
2901
6668
7037
8536
1629
7250
2392
7972
3116
6455
5931
6334
8071
652
3212
2259
8215
9855
9513
6581
979
7591
8249
4735
5354
6678
7414
1263
6213
1796
9306
4141
8318
10333
443
8777
1875
6292
8082
4112
4983
8767
1380
4856
2874
8721
5407
2144
10018
6189
6958
9284
6383
6863
4235
5174
7086
1341
5032
4211
1543
1699
3724
3935
3220
674
3711
5817
8149
8724
2333
2934
1522
1886
2483
8666
7589
7733
6154
3416
7477
6636
8722
2508
1533
1033
5364
1745
5456
4363
10416
3446
6198
2665
3001
5768
6559
7969
6085
7312
2610
10684
918
2487
7434
5754
7184
9140
10678
8005
7804
583
4145
3298
8787
4003
5764
549
9641
3047
1921
2318
9974
617
6923
4220
1698
8064
4776
7536
7766
617
10313
9884
7266
6097
2105
10382
10154
3632
7815
1006
7123
8225
4049
4890
5349
836
1927
2208
5005
2265
4129
4742
3750
1839
6187
6474
2204
3297
2987
1743
3791
8042
3007
701
3028
9551
7951
5020
8993
9621
8631
10682
2903
3677
3701
950
1808
1672
2770
8777
8409
9859
5358
3510
8899
10316
3521
3702
8266
8861
6568
3913
5806
8958
10350
8060
1908
6428
36
9907
1635
8854
8235
4231
4586
296
6300
7653
10066
8202
3432
9947
8845
528
4035
6154
10116
6398
3594
4617
7197
4284
6889
8380
6517
7429
6551
4257
2432
3689
1492
5814
4183
5735
8908
7174
9047
7469
1172
1305
1580
7636
4424
2406
10288
2089
894
6787
7510
4536
6868
9277
8927
5501
449
6086
8968
6225
9602
3651
6129
2786
3629
8410
8788
6414
3529
9984
1587
7380
5839
4958
957
6625
5932
4914
9159
8312
7578
2199
743
7887
8084
4871
2878
9730
8868
5892
2056
2074
3475
5553
3224
9177
7634
8947
7356
3597
5053
8261
7798
8081
9662
8285
9971
9101
3303
8849
8396
5135
2807
6018
4824
6355
7604
3991
4012
9525
10584
2709
1924
7169
6970
10190
7886
2884
2240
10582
2666
4656
4013
7176
8921
7243
969
9893
7288
2433
7709
7721
1313
4095
1943
9997
6079
6534
8893
6578
3387
2587
4326
8528
2330
705
3841
9940
8029
3860
3505
4390
10220
4923
7152
6335
2392
10481
8294
4318
1432
7641
3541
4365
2752
3524
9119
2906
10161
729
3705
9305
3126
5056
9765
5101
7925
4999
6886
2345
994
7782
6192
3450
1334
2593
6379
839
3782
7857
4346
2527
7163
9204
5433
3044
3524
1610
8563
1870
10433
9906
3894
6518
7212
8159
5046
10512
6215
6648
8958
2396
6996
10614
5217
6976
8860
7177
9832
7617
9921
5435
1294
5028
5246
8968
8780
2314
4996
8352
3735
5085
9159
5808
3922
9163
5914
5846
10472
832
3233
5282
3413
7991
7990
8841
8173
630
7241
8461
9601
1244
2833
2123
6960
5612
5142
8152
7017
9623
5776
3711
9516
579
7679
1885
5074
4651
5531
1948
1059
2080
4654
4883
5504
7591
3380
8772
6489
7236
4880
6721
8507
1319
9845
9750
4524
7026
7704
9378
8903
9969
8021
4723
7545
9083
7796
834
9580
8786
5494
565
9303
10879
8667
9189
3356
4724
2619
10590
2566
841
4538
1067
4868
1739
431
9393
6785
642
5658
8744
6296
6429
6858
2390
4619
7807
907
4174
10862
2452
4757
5070
7955
9676
657
9850
1572
9179
2220
1425
3212
5181
3642
5502
3685
6385
7108
3188
7389
8593
5582
1569
4643
9208
1940
8944
854
2829
3437
844
6084
9214
945
2385
4460
9064
6912
6817
3511
3350
2415
6584
4260
9733
2166
1984
3572
1502
1392
5333
3988
1133
4916
10692
5572
3462
10500
6542
8347
8978
6042
8215
8702
7804
5769
5648
8019
4351
10074
6690
7146
9444
9939
4891
2558
3361
7695
2571
1690
5845
965
3997
4758
8909
9432
2711
4213
6217
5872
5868
4417
619
4690
9957
5152
3909
609
834
10515
9848
4523
5354
3691
9801
2858
4661
2073
1637
8012
8167
8064
6038
10004
2088
584
8489
8612
8547
9035
8689
3561
964
2579
4311
7175
4257
1871
8863
7007
8085
2883
2618
7049
2877
6624
8419
3897
3985
3576
2678
8790
8635
1779
5946
6810
4294
3785
9667
10465
3729
3702
6793
1799
4825
4795
10301
8440
6959
3785
4417
5979
8902
7918
4507
7785
6411
5646
9916
6428
10270
5288
5717
3754
3947
8061
10181
5442
8585
3277
8282
8155
6600
9173
8442
3179
10669
1032
5836
8405
1503
1752
10201
4522
2515
2953
5635
2520
8326
785
3951
7963
9600
2365
3269
5730
2674
8411
1484
4471
6530
2044
1688
4320
7484
8834
2000
10151
6007
8431
2590
4715
599
10108
10316
1150
9106
4610
8995
5329
5412
881
5736
9239
8133
5174
862
2802
1117
9743
6523
7600
877
10732
10630
2021
7613
4813
7256
9304
7473
4659
7777
8790
2658
2859
415
4140
5377
1906
4673
6553
8921
697
6994
8925
5217
9255
7854
9200
3788
6246
860
323
8134
5940
4680
6334
4764
7708
8325
7439
2630
3096
8088
1625
6269
3166
1411
10227
9857
906
8373
4246
1000
6599
991
5702
3540
8893
5306
2720
7939
1212
7111
8211
7023
3254
4896
10421
2295
5941
1760
2207
5363
9846
1276
7781
4148
2882
10423
8999
6803
6475
6495
1055
3054
7374
357
8966
4534
8712
3068
5931
1013
9896
2116
2146
5637
3211
7788
10621
7782
9553
1385
525
9451
7734
9105
9557
10326
8306
5976
4289
8138
6704
2258
6481
1665
9090
1269
3182
7405
3705
7169
3111
9978
2801
927
1684
8648
5372
9070
8396
2716
10083
733
4639
8370
5942
7691
2426
8082
10467
285
2758
7195
9937
6833
3240
6563
9055
3995
7618
1997
823
685
3924
7490
6877
8493
8551
7978
936
5191
9702
5366
6460
6966
10011
6176
977
10415
9567
3758
4513
3144
4462
2589
5523
2474
7056
1065
6356
4068
1864
4840
10358
5221
10121
5612
6338
7473
1221
9534
4623
9645
5035
7071
5136
6676
5981
5832
7466
7378
2234
4963
5788
4330
9799
8751
7279
4439
7287
2073
3509
9947
5850
5655
3809
7332
4139
5510
2481
1619
3967
2616
5636
3002
9040
5378
8567
7831
2967
9918
9321
7709
6497
4328
4435
2763
4912
5162
8944
1446
4808
4350
10234
5699
9245
4384
9206
9174
4367
10671
9673
5092
7511
4632
7662
7177
5800
10680
5399
7547
9135
1793
781
6585
9767
6370
5980
8253
8481
7126
9154
4366
7353
8270
8114
4205
2292
2487
1934
3154
380
7567
4613
739
7894
9583
5963
676
2822
2158
8681
7981
2551
6947
8006
7551
8544
2736
3402
5006
2005
2927
1188
2194
1608
3683
2951
5377
7659
7335
1963
4474
99
3007
5846
9783
2197
10601
10112
2350
10420
8632
2473
7672
8022
3318
6158
2840
7632
3227
9744
9809
10491
3872
7348
2379
10045
6592
7782
7414
1101
1250
6038
1679
9598
4630
8596
1251
4801
5707
8180
10631
1208
5302
3200
5198
8829
5931
6670
9531
9330
8119
5255
973
4803
4631
4138
3710
2780
2404
7730
985
1770
10175
903
4084
2092
10737
8133
4217
7325
3724
5703
2119
9627
9540
5650
8598
2820
8524
8893
3242
2786
4781
6634
8180
2574
3022
7452
4232
1596
919
3564
10094
3123
8453
8314
2555
664
2341
7611
8011
2573
9308
6467
1402
5416
5332
6431
2524
6703
3655
2420
10470
74
1799
3098
7050
1783
1089
5745
943
3478
1824
2252
6437
1410
3499
6972
7985
7740
530
9278
1667
7742
9949
1899
8609
9876
2835
10683
2335
5739
2279
6523
10124
4049
8133
3580
5286
2964
538
1888
7532
3326
5531
7232
2165
3505
8050
4411
5324
5490
2926
3138
8143
9139
1175
8854
4380
6931
10122
10341
2710
8317
1720
1921
7658
4296
1956
2585
1706
2472
5789
6119
7123
6463
3610
8793
7937
8860
5567
3038
5168
9071
5963
3342
9971
6965
8118
1412
5695
6953
7254
8142
8652
3396
6024
5596
4138
3789
10549
1365
7324
1884
8170
7601
2316
9457
9433
5944
4586
6366
6177
6324
7773
6994
2833
6012
10287
778
4754
7939
9670
9787
2548
3174
6633
2624
10238
4075
9514
2635
7676
6638
8927
9829
9848
6817
9932
9044
1182
9031
6257
5709
7821
6929
7158
2922
4381
3271
8974
3907
61
4378
10551
3005
5531
8866
1919
2852
3041
3292
3502
1123
1378
9369
3105
5463
6665
8933
3001
6200
6690
8462
2030
6547
1746
3065
9160
7751
4857
10148
2268
4204
9442
9107
4710
842
5843
8093
6544
3590
1367
2539
5629
1516
5813
1977
3331
6264
2847
6750
3415
1982
4557
7836
3962
7692
4710
9067
9982
5643
4108
4673
8480
7677
4163
6553
1843
9558
2874
7956
7715
6283
9584
8213
3986
7203
8319
2658
898
5195
9227
6831
