COL NAME: col1
109
816
895
650
546
422
393
234
329
711
324
150
545
635
878
31
271
835
821
635
923
367
491
315
589
587
571
596
367
79
885
171
257
278
503
732
557
490
584
565
838
732
892
336
520
325
171
83
841
840
523
480
543
417
338
800
319
303
271
689
113
406
25
236
309
683
232
548
264
989
12
495
315
617
637
847
383
641
990
315
255
440
114
298
914
123
255
650
717
46
728
830
902
462
349
122
30
983
54
152
455
285
35
817
909
796
922
884
255
177
547
253
507
673
20
805
74
992
718
459
983
177
381
36
970
119
914
629
0
720
935
310
207
153
761
682
314
306
503
618
654
519
605
909
96
489
6
785
11
513
945
348
916
6
499
474
523
851
56
589
585
232
790
29
366
825
606
819
55
9
914
146
363
598
252
698
939
744
252
442
735
339
515
352
623
704
652
322
139
860
950
444
94
552
419
513
789
149
552
350
115
631
236
269
860
290
433
8
750
629
863
826
823
474
521
536
684
736
10
612
776
902
326
929
594
275
369
489
344
772
367
732
310
730
600
484
14
757
687
3
845
375
368
464
532
719
985
136
833
362
974
930
215
367
116
178
245
127
357
77
740
292
773
81
341
337
818
577
95
144
576
520
396
995
356
185
669
542
150
318
753
667
58
9
856
123
355
345
793
236
332
16
423
323
22
930
458
459
520
718
556
420
964
402
330
456
482
497
26
396
952
187
139
520
745
91
76
851
243
844
666
729
958
988
796
661
840
87
617
914
293
94
252
550
398
766
53
927
242
109
765
623
685
700
220
760
563
161
968
34
965
36
845
828
622
369
176
520
274
982
632
104
155
335
25
933
295
536
354
885
68
326
150
856
576
661
319
756
451
569
667
111
634
461
864
963
361
202
486
479
3
128
25
800
976
26
41
964
582
63
24
71
481
872
899
267
825
94
394
868
363
314
116
163
876
789
576
305
771
739
199
984
731
179
357
739
995
251
298
872
429
3
652
677
253
940
664
578
566
95
166
832
330
897
964
887
853
61
173
252
460
623
214
238
414
738
741
744
674
125
940
252
844
949
710
196
633
412
455
775
53
646
338
358
150
99
233
543
61
940
195
541
754
105
294
644
450
533
155
405
895
725
737
796
682
553
571
374
588
454
201
731
451
186
607
853
723
367
339
261
840
923
588
542
550
305
845
725
637
164
757
620
87
199
270
50
488
197
22
664
222
941
220
662
265
72
880
76
543
880
434
936
64
960
356
935
17
675
798
565
574
768
750
435
995
440
8
469
631
347
601
371
969
823
174
514
129
565
292
695
926
352
223
523
953
706
758
508
367
665
589
651
499
89
655
948
71
432
688
347
262
270
508
507
616
419
71
73
654
502
573
145
45
740
104
108
316
120
498
42
939
98
705
310
213
462
740
422
995
388
696
111
910
858
271
824
995
101
209
738
792
21
759
158
890
740
929
342
399
453
698
142
849
869
396
535
140
960
239
291
816
81
559
864
869
170
773
976
579
525
541
109
211
775
437
321
996
899
713
83
955
375
52
866
495
255
585
219
654
99
128
917
218
476
782
457
979
21
689
559
628
328
887
690
479
784
873
338
871
858
178
420
481
48
826
905
766
29
84
788
501
545
328
609
433
587
686
852
248
851
133
689
364
739
574
779
424
414
769
655
511
384
387
814
448
563
302
98
972
305
556
41
990
467
439
326
568
999
32
411
625
811
113
507
55
555
723
351
328
545
269
195
412
636
78
766
656
82
741
136
538
688
718
932
923
305
310
387
724
865
914
548
505
387
292
178
671
428
879
523
680
311
79
13
53
446
765
64
371
502
569
95
532
259
584
247
126
498
45
981
267
639
541
93
735
315
611
70
592
448
909
366
811
619
613
409
90
508
876
527
109
774
671
764
88
606
271
246
360
377
205
344
829
797
759
454
907
66
986
557
978
42
228
950
812
443
233
198
496
847
31
263
112
972
829
458
275
145
356
5
339
991
493
107
924
771
70
938
339
673
99
326
32
142
243
735
725
631
679
860
216
900
973
433
866
833
728
53
719
941
591
906
891
944
994
150
54
516
447
34
860
118
196
565
770
773
854
877
823
513
593
861
421
951
516
685
138
704
649
808
627
43
857
800
218
567
753
907
257
512
960
376
892
288
469
971
102
803
148
83
931
25
174
734
640
421
653
345
301
297
134
54
55
373
587
830
919
338
456
354
131
492
553
863
109
581
795
125
859
295
178
924
809
885
196
772
100
936
572
182
923
808
878
8
412
717
933
829
565
691
103
125
545
676
944
809
269
465
800
117
865
91
611
484
86
233
912
123
202
31
356
462
963
550
93
521
726
407
99
243
57
964
356
490
319
18
356
116
135
838
295
524
100
379
154
593
599
104
641
783
525
127
400
571
965
738
528
556
549
123
359
63
888
764
773
955
623
101
560
276
226
22
843
696
63
156
794
389
148
838
362
680
463
644
398
404
825
131
196
646
34
419
376
398
219
897
887
696
516
582
341
752
862
415
455
296
937
330
704
679
338
747
805
297
759
676
311
582
742
54
984
693
533
794
104
174
293
879
550
910
374
449
444
59
391
811
810
389
211
666
684
534
239
487
720
121
252
140
451
851
873
831
152
892
725
307
559
316
528
295
842
344
580
596
281
207
951
551
980
95
451
997
761
372
647
72
812
784
680
332
392
709
858
105
100
358
746
791
328
888
617
394
34
156
903
272
966
395
751
206
756
604
620
305
625
535
804
461
251
266
866
208
954
566
538
834
502
955
513
579
913
147
980
830
973
839
641
985
82
41
155
668
452
618
283
187
616
623
473
506
132
270
621
72
927
435
857
292
654
936
771
756
436
995
851
666
660
59
597
703
326
942
181
798
784
766
433
518
637
82
27
265
282
396
961
981
762
979
699
382
810
580
318
837
610
192
226
450
181
931
326
604
654
202
401
643
471
778
645
889
178
697
955
17
462
834
912
608
545
925
402
392
935
299
350
186
346
622
408
758
70
820
943
326
211
308
107
176
426
739
530
833
417
247
208
215
712
437
768
617
987
310
782
382
980
270
120
406
244
65
941
227
881
136
193
705
657
656
488
583
353
929
964
703
555
156
957
475
15
77
51
513
503
743
60
131
381
563
808
691
542
409
154
632
50
993
94
687
522
903
523
354
44
801
204
730
839
430
255
247
532
40
458
789
276
923
194
70
269
334
584
307
426
198
75
786
794
657
524
874
640
229
84
161
396
876
370
562
214
0
982
376
411
634
799
199
182
409
397
215
751
348
579
830
593
653
922
40
750
2
93
58
739
406
17
493
750
871
507
585
887
331
168
775
671
848
680
940
205
868
520
504
345
303
114
663
86
94
742
427
697
449
625
785
975
540
714
1
77
323
742
97
628
109
678
456
487
808
966
370
336
889
598
970
21
721
304
923
271
489
835
445
931
277
650
852
376
231
744
591
425
54
968
802
440
33
328
844
453
387
763
429
475
124
522
481
316
121
546
580
312
486
650
11
124
810
658
76
579
717
235
570
769
253
903
405
242
460
276
468
219
224
924
100
853
633
729
506
586
330
236
993
338
751
505
164
845
668
722
932
788
727
217
744
375
11
431
82
430
624
477
782
706
368
652
954
968
635
140
719
626
717
455
501
402
952
287
354
342
148
209
111
653
975
535
48
799
330
364
10
187
508
579
444
89
621
900
675
992
447
717
31
326
73
250
449
905
354
532
295
297
327
301
511
337
584
373
552
93
131
610
909
909
52
495
228
639
211
796
790
503
494
852
670
863
232
70
716
188
662
7
331
611
15
665
668
92
261
548
160
350
173
316
936
17
485
366
350
527
871
434
932
269
870
67
29
315
820
736
163
925
319
13
278
431
667
633
262
681
521
963
171
357
12
724
672
231
475
470
159
638
559
260
572
633
601
358
254
601
514
279
116
609
161
851
886
989
297
915
296
593
357
659
517
377
696
425
763
536
552
168
514
363
682
429
568
82
329
690
132
597
456
352
782
343
93
381
867
761
294
197
78
677
550
819
213
642
668
988
893
158
833
738
556
200
21
338
241
740
905
237
148
784
578
6
232
868
803
767
578
761
76
488
925
86
763
966
221
412
583
201
928
570
275
220
156
180
724
128
242
929
171
502
479
876
269
420
162
954
23
