COL NAME: col2
3863
4530
4032
3425
1005
4360
9223
9209
6250
2979
439
1837
3209
894
650
7795
9283
7661
4985
2562
1179
6075
4215
3783
54
9285
1517
1179
5587
1179
1179
5841
9452
2265
8915
6124
9485
3389
4359
9692
9257
7185
1837
8623
1819
2377
4371
1445
7080
4822
1903
1915
5267
3121
8776
3965
2152
291
1179
5220
6402
9507
9260
5602
7779
3228
7047
9109
4008
7587
7581
4656
1002
4552
1060
8275
1936
3285
3462
2406
5492
1179
8249
6827
5945
2921
6983
9965
6229
7022
9791
6810
7546
6466
4106
3939
7745
8454
7191
5003
8645
9446
3671
6423
8171
198
5897
3814
5975
7450
285
1151
9422
257
775
8702
700
4236
977
6036
4835
6250
5761
3966
1875
212
5772
4483
7281
9024
1179
797
37
9240
7258
9353
7376
4156
4353
134
2383
3072
2773
8277
6810
6715
5667
8992
1179
5956
4002
5586
7018
1179
9057
5720
1179
5692
8597
2534
8474
8928
1060
221
2927
7769
9742
1179
8044
715
1064
1179
4875
8899
6393
2754
5727
5849
2051
8640
8702
7684
7041
8237
6269
9352
9863
7993
1894
1166
1449
2397
3506
8469
1179
3956
6473
1473
477
7317
7820
7910
509
8948
5934
4126
9592
1061
4646
4771
355
3008
4362
289
7940
9235
1179
12
6792
388
1957
3677
3419
6341
3240
3755
2204
1347
8142
9411
6413
8253
497
7824
8929
6260
914
1179
3649
2374
5659
6876
7444
5922
1060
6675
1222
6854
7263
8062
88
7685
2994
7066
9873
3581
8715
6418
8656
8846
8644
291
7161
3668
1833
3674
1917
1179
1209
8442
2668
1463
3284
8535
3925
7146
1179
5613
5216
9540
4962
7801
85
1040
2291
5917
7385
1932
6149
380
778
3306
3455
123
1083
2057
9162
6739
9641
3218
4552
4707
1179
5670
7666
3669
1060
4645
2739
2958
7186
7330
713
7950
9073
1060
8434
8851
996
970
7944
1540
650
6246
5978
1179
9461
2195
9010
4765
9391
768
4514
1945
8159
2824
3184
4628
9099
8419
1626
9542
3037
7319
4273
2013
4563
6299
6403
6539
5698
270
7204
392
7391
4989
8785
2609
5197
8499
4677
559
6002
4008
1395
9329
4372
4557
1179
3480
6128
3601
8233
1039
646
7900
606
5617
8849
6638
8138
455
5196
1179
922
4057
5320
1179
122
5127
8193
1169
2678
6625
1065
1179
1674
2618
6835
1737
1179
2096
951
8551
7621
751
639
1179
1179
8118
7195
2140
2738
6682
6782
5427
8609
1179
6019
559
8975
3771
6958
6647
9317
8410
8079
2176
4650
943
9283
1743
3982
3809
1680
91
4019
5769
9710
9607
4609
8631
1060
1060
6774
5316
5474
7381
9322
7375
8820
3016
7075
3080
1179
5961
3752
3483
8896
923
9557
7859
1555
5060
3627
4081
5819
2017
1060
1179
1179
5725
5685
3665
1804
8861
5908
799
132
3433
6492
8738
8954
5678
5924
1067
1301
5974
9526
7404
8457
1239
116
7423
7923
8015
1974
2481
7107
4329
608
529
7278
1876
1658
408
9502
217
2531
4208
7619
4256
5189
9222
9216
8037
6242
314
5153
225
8670
8414
9907
6026
4615
6386
8279
5078
479
308
6798
539
7309
1060
2360
8371
548
1
1057
7752
5626
5045
4211
2161
8130
9757
594
1179
1179
5271
7327
7516
1179
1060
6482
7336
4920
52
256
5691
7755
1179
8206
2896
2675
4107
2048
2124
3785
1179
2949
6984
1665
6218
2898
7441
9523
5836
2803
1245
2325
1179
8876
2365
3138
8334
8345
7261
3268
4473
5726
7550
8185
8725
6780
6969
786
6305
465
7565
1179
7802
1727
1991
9001
9462
2881
702
8361
2081
9625
9622
5155
264
9044
7465
1763
7746
8198
9631
8204
5879
2767
947
3781
3346
1810
9319
7209
2712
7458
6879
4535
3109
4204
2477
9636
6489
380
9719
2621
3581
5662
3101
3649
2205
3439
1382
8814
2771
5522
6792
8021
133
4796
5796
9467
6086
6291
8699
7965
529
2238
6076
405
4183
4702
5552
4369
8252
1179
3779
3974
5440
7719
3110
4994
8299
7906
3334
1021
1060
3006
6477
1215
320
1051
3385
6161
3181
4728
6955
7716
1538
6413
6278
2448
1518
5202
1742
9894
4174
1331
9241
2214
8876
9758
460
9255
1179
3664
2221
6730
6697
3168
8358
6341
7782
6583
558
3749
1179
4609
7784
5221
5301
2461
2538
7383
5891
3590
1756
6896
2731
8172
7372
1179
1948
368
958
8449
6863
9827
7271
8168
8670
4335
2415
7458
3569
8479
9878
4229
5916
5950
9669
4320
2684
2031
2896
899
4921
6046
7061
410
8565
4179
481
1060
8171
271
3535
4614
3074
9952
9008
8179
796
8166
7555
2534
1191
936
6097
22
3203
451
273
1024
8357
6553
1179
7856
8020
7796
9128
8287
570
1179
5436
6706
766
1626
9024
6320
4710
653
1179
5834
5624
6042
2877
4606
3525
5394
4555
9382
7155
383
2198
5367
570
2642
5221
3731
2988
9263
6474
761
7402
927
2144
1798
7518
7597
4247
450
9009
6391
9146
4580
6585
3885
2547
3032
3739
1209
9020
4022
7667
984
9761
1060
9727
5928
6354
5205
5624
6351
9177
4867
2672
1179
5877
2906
2051
8687
6522
4451
4563
4533
4059
9019
7708
4796
7155
4141
4704
4144
2167
3145
9215
7274
9011
9798
5651
9884
1362
458
1060
3701
7054
3742
1060
2042
239
4933
4763
3663
9329
7712
1179
1455
5621
9586
5694
9753
9661
4700
4295
7786
5366
1907
3588
7983
8656
1257
2207
8971
7267
555
8160
6825
3092
1273
1212
8985
2719
1179
1062
7163
1060
6489
8494
5249
6611
6977
8367
6337
2991
3857
9394
5871
2691
4176
4502
1204
1179
1593
2238
553
6499
3933
3173
7119
8864
2414
5831
5504
1689
1179
3952
6182
9527
1133
4281
6102
1344
1980
8252
8040
3413
1891
5248
1179
7742
3356
1938
7722
9797
7423
5142
768
1084
8398
4888
7299
4972
758
5257
6465
7052
1626
5096
1179
7408
6281
3317
5357
5422
2568
1069
3195
7235
1179
643
7528
748
3796
5000
1773
7577
4919
9264
2748
520
4489
4191
8276
1059
415
6087
4316
3901
1342
2492
4414
1179
1079
8761
4857
8500
4113
2872
9381
4947
8345
1179
8529
6060
506
3065
9998
8163
3217
4894
988
5368
7744
8676
173
9573
7055
1462
9245
7644
784
5657
5237
5476
8439
1630
725
7149
7298
3483
2691
7079
1179
4526
2511
4257
1964
2079
9387
5101
8330
9528
3027
9880
8389
1444
6275
4633
9484
6215
4018
8494
7584
2026
7375
9385
4310
1179
1060
1179
3619
6379
1887
6991
6839
2012
1327
5612
9935
2830
9159
1179
6292
6612
8326
4915
4114
1179
4236
34
7810
7534
4751
1179
1060
8016
3749
3029
4529
2262
363
2514
824
6379
1146
597
7245
8795
9548
9463
3685
5456
2120
6973
7693
9921
233
9403
1300
2466
2000
8614
2072
1451
5306
1179
6255
4736
529
931
7813
3786
9981
5035
9767
3101
1060
1465
3510
6307
4430
1179
589
5462
7952
2330
9662
3469
9113
170
4298
5760
4375
1179
3527
9223
9597
1060
7669
9337
1902
9955
1060
5516
1060
6331
5273
123
7476
8798
2921
9286
2151
2713
7923
1715
9895
1060
6894
1889
4656
1895
2927
2693
5252
4241
5250
2561
1826
3506
4931
7202
2475
6477
5417
3184
4721
4152
3244
693
1179
6599
1179
1619
3914
3873
564
8687
8992
640
162
4346
7704
1060
1179
4464
9330
3708
6749
137
9875
7106
1179
4251
1058
4614
1179
8361
5413
5842
3903
7224
9579
3051
3666
2760
3835
1360
8614
3973
2829
145
2373
229
5388
4680
8049
2665
3593
2829
3336
7816
1241
5048
3295
9576
1179
1388
8297
5752
1821
8476
595
9254
6655
8743
7877
5784
6884
6049
3605
9527
7287
695
3044
1946
2722
9715
9875
1806
8141
8301
8983
8125
2639
9178
3883
3725
8264
4973
2764
3989
591
8216
6320
5398
5339
9218
3899
9622
9760
6837
7320
9304
1876
7670
158
733
4454
2028
6843
764
191
8435
7137
9125
1100
1179
4052
8972
793
5098
8282
6711
1641
3358
3856
8627
1916
46
8182
2354
113
1179
4139
7150
8585
1589
7713
4855
9629
6030
1525
6567
4595
7445
5599
4310
8935
2165
6704
9846
5569
5778
3811
3469
262
4431
3801
9208
983
7671
1559
1060
5686
7521
4497
5802
6628
8581
4268
4048
506
6287
246
6684
7552
2714
6755
9634
2639
6684
4157
1918
5921
943
8308
2557
9415
6698
988
7936
6693
8155
4279
3567
1179
1179
1179
9515
8707
4214
3148
4887
2886
7290
2481
2010
1425
7517
667
5532
6472
102
5460
3685
5164
6488
48
4947
9617
8659
8238
4719
3827
1293
6100
6908
1316
7750
498
1060
486
7579
4474
1179
5740
888
4787
7332
4109
7736
7171
1104
9069
180
4767
869
8408
5385
1179
1060
6333
631
7567
130
8721
6559
1147
561
3586
1095
2172
7172
83
2987
6875
1179
5079
905
6793
3232
3144
9312
9801
8730
6205
1179
198
5333
6921
9723
4122
5100
971
5314
5558
8042
2370
8089
7981
9825
5321
7618
8951
1371
2058
8626
3103
839
6291
6412
7801
1179
5006
6907
2299
2615
891
1060
8952
1225
2296
4909
6516
8367
3176
864
9878
6582
2101
2368
1242
927
1179
1179
2943
4499
346
6819
488
2847
2406
9272
7708
7085
1110
2425
9122
6222
1060
969
4403
1934
3160
4786
7454
6799
163
1179
8842
7920
7922
7641
2094
4101
9762
1060
4852
5007
2568
4938
3796
1060
2374
1931
7026
6887
7173
4138
7449
1589
2943
7818
5334
3096
907
4672
8451
1179
5537
5594
9324
2762
9869
869
2031
8124
9780
5237
8766
8332
4094
3372
6368
9398
6304
9277
396
1864
6372
8629
6557
6752
5951
651
2177
8846
848
9378
8669
1061
975
5883
518
2948
7996
3802
8256
4032
9044
9153
8197
1179
4148
2312
2853
6303
7190
2432
4970
9471
617
2359
3931
5602
2079
2885
8284
9082
1179
3360
9559
6456
7829
5323
4715
4818
3500
5095
7674
9677
1179
7226
9504
6239
6648
8402
7949
7738
8974
8094
7136
7370
111
9580
5242
3784
1179
7737
9052
8446
1252
9556
2974
9780
3409
257
3131
5077
8623
117
6076
2947
6169
339
1276
8723
3375
6520
1596
150
1060
7870
8466
9419
9443
8010
8448
680
8073
6479
9834
3111
2982
5075
9991
6473
242
5054
479
5214
5030
8965
8400
9737
8148
2625
480
7691
1548
9195
1958
1637
3756
2260
1192
1179
2017
7042
520
5035
1179
9701
4625
2284
2151
936
236
3173
1971
9134
390
2808
3851
5080
5143
3503
9470
7665
629
4494
1179
5978
1150
8468
3051
7194
7086
7735
8174
8828
873
9101
1060
5645
5360
6250
4811
8731
8048
1179
5733
241
3053
395
5322
4315
4514
3297
5333
2406
8692
3542
1179
8978
2261
2539
1179
1923
6412
1107
4838
6021
2091
1060
5071
3948
8016
160
9592
4403
2386
9996
