COL NAME: col3
860
1724
466
87
1687
769
805
276
21
1584
1705
1806
957
1267
1508
840
600
776
1363
1478
1966
1955
1025
1129
702
161
269
455
1016
719
1076
763
1064
64
1367
1086
391
378
1017
200
1056
1597
683
960
1485
1241
870
1038
1484
742
95
1430
1194
1183
1109
556
645
1579
1354
1496
1408
632
1282
1434
1248
663
1695
1715
441
1830
1636
698
219
1248
1153
1695
835
122
279
197
751
1147
1372
954
1986
863
928
337
1976
1438
1787
1016
896
452
8
815
151
1943
1991
1875
509
1884
337
1743
1603
815
1415
639
954
1045
229
1799
1300
878
1019
1539
1535
157
517
1060
301
699
252
1279
1816
1346
625
1686
489
1952
1199
758
920
1529
684
511
1906
1377
1982
1721
149
304
1806
612
1595
1126
991
866
655
1129
119
1081
1497
1150
1664
1774
1141
1260
1212
789
1099
996
1997
1008
1011
217
550
1757
521
801
761
768
1039
257
1498
689
1952
1636
1440
1579
1630
498
848
1945
417
1219
1516
1443
760
456
1712
1008
1213
1392
216
1296
1903
698
395
75
717
850
884
1048
1507
568
1065
1246
1238
657
1097
1276
1676
945
1540
338
1856
510
1155
1438
1205
1881
1474
1243
475
1384
1996
1214
823
133
671
1172
202
1250
1425
1549
1396
655
1035
967
667
1371
697
731
1727
1168
460
908
389
708
9
1274
1015
145
1802
1240
688
104
404
708
770
1588
82
456
684
448
33
1574
437
1329
235
762
766
1252
74
1727
1329
1358
1331
983
758
132
183
1531
545
204
1775
760
94
1543
1719
1218
1969
1426
603
1428
232
545
1836
248
238
830
1049
624
718
725
77
665
882
918
1531
738
1654
1062
85
536
24
232
227
622
747
612
1343
314
1400
276
623
1469
1687
898
228
5
74
117
946
846
1458
325
1810
112
89
1828
1891
901
1942
12
320
784
1943
1118
1979
1908
1953
1319
1855
872
797
4
1433
1772
295
1549
421
142
1248
1997
1970
1669
1991
1038
477
156
1020
288
1857
1865
1932
1900
14
1180
1708
626
793
1683
871
22
362
1639
992
682
1007
1828
1008
1928
1485
778
1636
419
1024
370
1454
201
1689
243
1829
474
639
762
24
1524
284
665
1072
1384
341
1383
1759
434
1341
1328
1167
768
1009
1136
946
1287
1666
1901
54
1414
312
1790
1262
1632
1441
1101
490
164
734
329
1108
914
81
708
1022
1142
804
904
1890
1387
1181
127
1138
551
1382
1258
441
1750
1169
1379
1040
1401
1897
1310
609
454
921
633
1019
818
793
1319
1136
1250
622
68
1571
1762
957
200
72
1664
1639
1826
107
101
1636
956
1846
1341
1799
1508
1223
1291
488
1311
400
1109
334
882
826
1246
994
614
1175
1836
1194
982
1911
981
1184
1131
738
250
1297
1914
957
747
1771
925
388
1452
323
1688
1998
1912
186
1403
1342
1085
1734
1607
1333
1389
824
505
1540
726
1043
1914
849
2
1143
579
1290
634
1218
169
1560
1249
37
1199
36
795
1137
317
1346
39
1312
335
570
780
1716
1690
132
760
1417
1693
355
1547
1548
1256
865
364
466
1256
1435
36
915
1347
523
885
1143
703
1699
380
906
78
569
737
396
886
883
973
1562
747
20
1978
1976
1280
1550
1855
1547
207
429
1332
1709
348
1559
915
733
1917
520
955
500
583
720
1343
606
1324
1448
1714
587
1486
91
935
1
1996
115
193
1709
105
1895
634
1096
552
1863
1107
382
207
21
1150
13
1035
1560
1170
684
308
1835
1746
311
923
444
1230
1840
1977
804
1405
1585
1640
865
334
294
185
1666
20
793
477
525
292
552
380
230
837
27
260
1975
1326
1730
1993
861
1299
512
1307
686
1520
155
619
1905
510
796
197
836
1229
692
1834
1820
1207
918
150
307
891
128
1375
85
310
1993
1561
1904
344
1024
1677
360
1985
574
1112
1780
970
1125
18
396
1388
821
1678
142
604
735
101
1645
941
1817
453
1177
303
1763
342
363
20
335
398
50
140
1357
372
1692
1671
669
588
349
1131
158
1264
951
1909
1195
558
1941
1243
1806
1656
151
858
663
1190
914
1462
1584
672
1455
987
649
508
769
1620
1397
1776
699
1241
1190
743
1922
1914
707
1665
1562
1253
1013
1282
726
1232
1821
1835
1868
1016
445
911
1931
1679
347
1540
320
1107
455
1012
1523
1827
748
769
1866
1430
310
1962
1124
1262
593
1239
1090
1549
1698
930
1791
792
163
1133
380
1960
1140
993
1603
1823
1676
1681
389
253
466
1490
641
1276
456
1122
189
1103
1283
784
819
123
1086
1597
154
454
509
1754
1614
1849
64
492
172
994
702
182
1731
1787
1768
1445
396
16
128
28
1849
1307
775
944
1878
580
86
1223
1408
1506
147
1950
435
498
441
1375
1573
1243
1791
961
1584
1613
377
369
651
373
350
891
782
182
1850
1649
1195
112
1567
496
1553
660
1383
235
597
533
1489
462
1630
1067
420
514
22
107
1252
1209
1899
1923
1855
472
301
1089
1416
233
1035
1656
1043
1758
1234
1646
1929
1177
821
37
1080
1142
525
335
899
161
158
1840
405
541
926
431
182
1169
762
970
1836
1283
398
123
601
499
1794
1885
1872
1938
921
1956
703
1625
1318
791
808
1387
1619
724
617
902
269
1423
204
1836
595
1464
1952
1422
1171
198
491
1336
1105
1753
1938
383
160
894
597
1687
27
422
1633
609
1540
1080
1167
1702
1959
1673
1854
390
382
213
212
603
1000
1049
1944
1991
1011
1459
1201
306
1609
475
1620
558
1127
467
774
258
39
1152
612
1642
965
543
813
574
1556
1283
1758
1818
352
929
644
1500
1457
1963
942
724
1154
985
1241
1698
306
1098
895
619
1882
892
482
1070
1683
1782
1602
1838
532
948
1424
1787
1138
218
1377
141
701
1869
280
153
1967
898
283
1741
1659
786
1143
675
264
819
820
333
67
1896
1960
694
880
1058
1585
1348
1986
1224
1058
479
342
437
526
819
532
504
1846
771
578
1185
1792
1285
1936
729
1403
92
1447
748
652
1325
554
601
1968
1386
1800
552
818
1064
778
1356
0
1355
1132
1952
987
1176
1693
1712
1681
1696
484
935
331
40
1820
1842
909
712
770
628
386
257
418
1836
1236
222
1528
1461
610
1972
1387
194
1064
1098
1141
1943
1691
420
558
1225
1450
125
1829
929
1227
1411
836
442
1795
362
1841
910
484
169
1110
200
58
1936
1301
1512
364
342
1377
761
382
138
1408
1660
865
508
1873
1687
998
516
1909
1140
1708
1684
475
1043
1547
146
1771
1022
1125
1239
714
1777
973
1970
902
510
940
736
1598
836
1724
479
682
1833
1999
1687
56
18
112
646
24
1572
1924
1150
193
1288
1407
1098
909
1313
1146
935
1769
1211
1036
507
903
1917
732
320
436
1076
725
1046
1033
1587
1037
1011
1045
1228
1489
1997
353
1739
990
1177
293
817
324
1180
576
1946
611
140
623
1444
217
1752
174
234
1559
1475
1736
1746
912
870
1378
1791
872
209
30
328
951
1196
1751
273
939
821
1556
1548
53
1838
1548
1793
1161
110
1205
170
1211
1875
1710
697
1716
1757
1157
664
518
11
372
1251
159
982
1068
615
156
1228
1963
1127
1847
1354
277
1113
1464
506
460
1091
1994
1710
1461
158
793
1619
247
421
735
1581
1597
1613
1246
1541
492
1744
49
1515
579
695
445
356
310
1413
796
1296
847
519
477
832
186
1877
136
1636
1278
1787
455
612
1474
9
1783
1522
604
979
1698
1626
273
692
960
153
1878
1064
1216
1015
1603
823
587
1132
326
404
873
627
552
614
1528
270
1390
1982
1559
289
1204
876
180
1532
1349
679
1108
383
1987
419
1932
1565
1135
1208
1070
1551
309
271
1225
766
1674
504
435
916
1856
1827
1111
1119
1024
166
1616
476
261
1538
1099
182
962
1567
1937
1907
825
700
1338
888
338
1359
1263
658
1578
1118
1537
312
1975
1807
1233
1147
1588
139
516
1092
1056
1512
1914
451
1717
1549
1845
1052
713
217
16
1348
1988
424
1227
777
207
585
1962
668
552
402
1857
917
1306
1375
1466
257
594
1102
559
1813
24
300
1160
1673
45
261
841
689
1364
366
378
914
42
1969
38
1134
1023
68
295
962
330
1327
1573
1466
1709
832
1773
489
389
1392
1717
567
444
1211
1649
1358
62
1721
1237
874
987
1026
120
1364
713
454
1619
68
1467
1558
1342
152
543
1571
313
880
1029
1062
260
75
413
456
1622
1395
1068
596
619
757
637
498
1019
1736
205
757
1934
1607
1198
18
174
945
757
1967
1456
924
1305
1348
1030
820
528
1788
1652
1167
1096
1116
424
629
1436
1960
138
56
383
1671
750
1358
1072
332
1983
1756
1717
58
1530
1145
1882
1085
347
316
1432
249
1452
1337
484
1564
1288
924
726
1599
1508
937
1292
1543
1063
1629
299
592
395
657
383
238
1245
684
1645
902
1460
1503
1363
160
1700
892
1614
1837
1240
1527
454
1937
1205
687
298
479
364
1678
1904
1722
1994
500
1438
1456
1718
1465
708
338
1564
1473
1688
854
993
1214
1684
1781
1701
287
1178
887
939
570
1205
832
192
405
720
1457
1952
206
531
1179
12
944
1461
875
659
985
339
941
975
951
1238
1096
1828
1246
1230
365
1332
1808
924
1121
569
49
927
1107
1831
55
109
861
38
636
1817
1361
1879
789
10
452
1447
1378
1469
1270
824
183
1932
1394
1422
830
848
659
1105
446
1234
226
1462
344
1932
1413
187
309
1816
485
219
1435
737
1020
71
1229
386
1200
1278
1368
765
1510
524
1649
716
480
1296
1754
327
1134
1252
1724
757
1309
497
1361
660
935
1224
478
1715
307
1024
1121
1806
973
71
1344
1725
1706
415
1876
389
1956
821
226
816
1086
667
183
1142
1603
1322
307
1128
1517
1378
795
815
459
369
922
183
1398
1534
919
1096
1383
151
1306
1186
1579
