COL NAME: col4
2372
1098
8893
8390
3832
8785
2275
6421
2604
7585
7826
8942
4335
2658
1344
3981
4160
3427
7453
9846
7281
1914
7660
5064
5025
1290
7121
9640
8864
7715
10864
9236
1838
4235
5093
4064
2242
10287
8115
7476
6569
1627
8924
2682
4051
2186
5023
113
1083
7758
10213
5991
6051
5085
6425
7815
7955
6965
4274
10540
711
2601
94
8375
9894
4342
10073
6182
2545
7811
3694
3178
4877
5269
5568
10349
5096
6054
6590
4418
2330
1222
3920
9823
1971
2177
2364
7933
2037
7895
5145
4529
1634
7024
3898
6285
6585
6361
8850
1874
3267
10058
7572
3095
3259
4419
7452
1598
1179
3339
4700
4782
3076
3488
6992
5383
4536
1880
6666
3937
4572
1900
1639
7062
9572
2349
8368
2689
3898
3333
7950
7008
2009
830
8848
5395
8044
3310
9489
1346
10539
5253
795
5903
3962
10170
6045
7230
8840
4558
7260
5972
5074
4117
7333
9507
4474
6071
4114
3836
1801
6324
8770
9119
5952
7901
8546
3041
9504
7988
2428
8754
3246
4424
4591
1372
7228
846
4245
4150
2230
3731
8052
3137
6442
4363
5532
5910
4941
5751
4475
3961
4871
4741
7352
6650
7043
2062
7887
1500
4252
4767
7965
1779
4775
6615
3685
8943
4688
3140
1936
3018
9030
7857
5692
8834
4998
7216
2867
4961
2204
7625
7105
8785
7894
6920
8039
3410
8510
8016
1245
9234
9616
2051
4975
9642
8900
5762
9149
5639
6065
9978
3395
3588
2285
8905
6084
4471
4118
8914
9899
1781
1074
1717
5034
5908
571
2247
1350
5452
2506
9664
2737
6682
3122
7356
3723
8867
338
4181
8514
10212
5890
3704
8057
7980
7757
1589
4528
9825
10331
7211
6769
7230
10785
8736
7347
8407
4594
5598
5805
9619
4993
2775
2105
10472
5621
5292
7321
4058
4400
1059
10730
8498
8481
8833
5882
1815
8745
3655
4435
3206
4918
10279
9511
1415
4480
10255
6180
2278
9395
8283
5911
10754
9180
10039
9506
4356
7995
3351
4845
1448
3652
7746
4152
7031
211
7668
2079
4720
1790
8435
7931
1358
897
4806
4384
2536
1243
6893
2553
4617
1090
9908
7292
8561
2360
3771
6137
4033
10334
3875
9475
9224
9305
3352
7691
3164
7663
1570
2824
5349
10074
5691
2548
1371
8835
5841
6097
5462
3261
1203
3589
8864
10637
10598
4504
8972
8130
3476
5211
10074
3004
4405
1397
636
8678
10116
712
2710
6697
3800
4912
1896
10743
7306
1362
4685
3477
1375
4287
9186
2728
5039
9827
5012
3723
2498
8853
3285
5260
5639
1953
7929
5376
4313
6718
6797
3321
4152
9692
543
1162
6839
6955
1284
5843
8661
6938
2575
8756
6651
7072
10383
7864
6525
6753
5584
4022
2029
9031
4386
10067
3296
9912
3203
5192
759
5084
2705
6075
8200
3436
5738
8970
8798
7865
8505
1373
5610
9735
3989
2824
7231
422
4653
1052
5835
2676
7009
5835
4525
5644
7806
5485
3625
3489
5468
757
7864
8314
10349
9184
8488
3169
1911
1260
8873
6719
10342
3367
9331
1276
1377
6254
7638
7536
10333
5980
794
7350
2130
9196
1779
5493
5070
5681
1184
9478
283
5525
6600
8596
6680
6568
9109
3714
8782
2574
6042
3450
1017
3630
1070
4357
2339
9815
4604
6117
6653
4268
4933
7371
10139
5973
3636
3729
4582
9744
1240
5501
6117
6918
10337
4470
7256
549
633
7723
1331
3262
4839
1586
9083
5813
4710
129
8942
4730
5503
4005
7071
8550
6541
1335
1633
5817
1068
1556
1562
2957
10581
5452
7987
5035
3346
6297
6175
10273
2935
6618
3955
9629
4816
5015
3645
1474
8464
2939
9364
2301
1394
923
3263
601
9277
8018
7698
5377
580
10031
1564
8419
2043
703
2171
10685
7133
2913
8554
6721
9789
7009
10550
468
10550
2708
9641
4992
8840
4636
616
9089
1172
1131
3103
1661
476
4160
3079
7877
1652
3645
7776
4908
4837
1783
5366
3603
7059
10407
9823
3970
946
6565
9841
3213
6736
2361
9321
6967
8015
9133
2135
2515
1298
8789
2536
4013
4087
1537
9026
8379
10035
8970
2653
4697
1457
4120
5617
5491
4083
997
2610
3018
2096
9590
3710
5644
8957
8000
3718
8137
7939
4275
3318
3053
4644
5098
10447
1624
1371
4502
5533
2543
5147
4571
5942
7559
5598
2097
7139
3544
9707
6188
6870
2023
3826
4721
9403
6959
6356
9128
8752
3618
10555
5442
2647
6406
8122
3757
4425
2276
8490
3103
4281
5837
9346
3101
10003
2186
5101
1981
5057
9824
7192
9462
10221
4953
8432
3106
9565
6394
9065
6304
1348
5454
1337
9477
4140
1123
1764
2668
4739
4254
8727
5910
8511
8647
6137
2270
1502
7753
2118
8504
2530
9486
6810
9713
6038
9649
6430
1024
5428
1746
7048
7884
8187
10129
9827
4086
1257
4109
8340
845
1582
10319
618
7408
3905
2823
1461
1480
8554
8393
7454
9364
7917
4071
6937
7636
7961
3155
9248
4006
9344
7995
5748
1473
3636
4243
2564
9214
10026
9685
1163
5307
9400
1246
2259
5368
1575
7070
9945
4859
7613
686
3583
5618
8404
5262
7311
2449
10524
6741
8447
3699
8830
8372
5450
6074
4898
3883
9434
5105
522
4541
2060
1114
1806
3766
8377
2280
4217
8064
10372
1436
2185
8516
5654
9630
8309
10373
7590
5056
1615
5847
2581
1602
3607
6238
7500
247
4918
2583
8441
10424
2721
1795
8610
5550
3061
4229
9773
4042
7213
4073
7049
10051
3874
8332
6561
3339
1771
6890
1353
6673
7314
1291
3005
2128
4862
7931
10386
4300
5858
9849
9196
9966
2777
612
2642
7278
5785
7812
9433
2382
3687
3374
5407
5993
4930
1053
6026
3046
4555
6485
6186
2726
2142
4238
2414
6324
5309
4799
7441
7179
5564
5367
7084
2318
666
5786
7944
1214
10334
9863
8141
8892
4987
1590
1649
8363
8359
9161
2959
1750
5306
3937
2471
4613
2498
9041
7623
9019
6275
6857
3204
6137
305
5058
1334
1407
1708
8072
5989
7186
1248
7243
6882
3415
1038
4618
51
7944
8809
8211
4286
5949
6306
5609
3120
4183
8193
4228
9171
4610
10296
1416
356
6917
6545
9725
5371
1990
6398
1724
5122
7844
1761
9379
3886
7025
2757
3461
5992
2953
8046
4479
2063
8897
1152
9770
5711
8989
6764
4968
2004
1685
7897
5528
6159
133
8866
1583
5839
2586
6375
3523
10684
2072
589
7107
5876
1478
5912
4094
4359
4487
1594
8362
400
7939
8208
4185
3347
1599
5079
4628
10171
1097
3431
3432
2245
4524
2777
3323
7551
8499
7237
2943
7245
7568
7600
3332
2715
3620
4459
7019
4974
3622
3535
5029
4145
7043
2356
5317
3147
7847
4672
9304
5793
1973
10201
9928
3881
8538
2703
7546
9212
5436
5470
3623
3222
10223
1385
7303
1320
10712
4644
7071
4411
8734
5875
10033
2752
1851
4879
5095
6249
9430
10441
3160
4361
2200
6641
2807
3320
2341
5078
7197
3330
7987
6810
7465
5323
1807
8321
4894
9373
5578
5670
4110
5556
10601
9469
1305
2500
8474
9871
6163
9554
7728
2620
6454
9941
3662
7569
10626
7292
2153
6526
7977
8027
6064
6396
4685
9097
10348
597
8611
6087
2982
536
5074
4135
7783
1876
6523
7147
3102
8686
5432
5234
8105
3320
7468
1194
4573
5817
6765
10091
5883
8931
6195
9642
5444
5794
9090
2561
2297
5380
3315
8107
1261
2381
9673
9230
1878
9320
4766
4829
6940
9173
8662
5996
4139
3970
1649
8444
6824
4859
10170
7774
8996
6704
5751
10517
7224
8715
7306
1989
8682
4086
1805
9220
7129
1901
9721
7650
5880
3204
2572
7961
2904
8429
743
9690
3265
5934
9216
2762
4595
8047
10074
7338
8060
3412
4054
330
7837
2155
8162
2511
7542
4044
6413
2785
7999
8869
3504
6073
8541
5487
8736
984
4417
1539
8602
3711
4823
1393
4848
10192
4858
7314
5106
6739
7383
6044
491
7330
1187
5752
9683
8683
3623
8548
3889
3047
4181
6046
10007
1471
7667
7930
505
8585
2537
3836
2299
3737
3956
10067
6537
1887
2067
8078
7083
4583
5227
3223
1836
4164
5150
8569
9019
8007
5966
10279
6989
5452
4634
924
9585
9143
8953
4384
1676
8925
8746
1195
6681
7981
9565
6296
6040
8126
5307
8215
3588
6184
1215
5003
7964
4154
9939
5655
5436
1572
8029
8654
5881
3320
5366
8264
1616
1621
10170
4350
5910
465
7626
3201
4130
7370
2042
909
10353
6120
10472
9381
2580
3326
9380
2087
5726
8152
6237
4724
10170
1411
3682
2663
3637
7027
1336
4379
9025
7232
2172
5305
10088
4540
3437
2422
10458
6884
1768
7788
5946
4743
8534
2519
6011
2144
9501
2938
8601
3096
4617
937
8642
10593
8538
7070
2686
7430
6368
8091
9730
4445
10263
10151
7415
6531
5431
6226
10586
3562
5772
2743
7351
5227
7824
1905
1971
3120
2746
4787
8760
7224
9003
6178
5856
5138
4822
10517
7357
3452
2121
5446
6043
1110
7459
8969
2813
8259
4913
10068
2265
9963
9677
1526
10897
6977
5618
2934
4586
4849
6651
5446
3795
7715
2896
1796
8496
5447
2480
1781
8060
5056
1620
3728
9325
5529
10054
9756
7004
5396
4060
1459
7699
5735
2671
3528
10108
3337
9719
9453
3009
4996
2245
3845
7810
5893
4110
7901
8822
8854
4244
6201
10091
5460
4644
3441
8213
2590
7597
4648
5755
10268
5030
9315
9384
3355
8323
3725
2393
4624
3966
8255
9042
6122
9176
498
8428
802
7216
2876
9500
847
1791
3572
1023
10607
9498
8765
2101
8522
2434
1894
6241
8506
9491
2230
9407
3206
4629
7892
3384
10607
3538
10074
8095
2632
9788
9782
4271
5182
5395
9497
5045
606
1872
1722
9394
6965
7528
5311
10337
8334
8537
8080
9529
10412
6743
9364
4459
2587
9489
6197
5477
10940
8926
8417
6341
9452
2400
9687
2278
6058
4842
6874
2473
6947
9107
8338
10020
8168
2874
9799
631
7196
2303
6261
4249
4810
1740
2153
3000
2298
1414
1494
2464
4223
7849
1112
6745
4518
3542
9391
2818
7282
1923
1175
1987
8783
10692
1099
3917
6283
10542
7238
9715
3679
2343
10405
2330
10459
4746
9954
1069
7595
1002
6118
7472
4281
9084
5803
1292
518
4210
9452
6627
2623
4755
9065
8353
8687
692
2042
7594
7357
887
6017
5950
5484
7829
4767
2488
6662
9412
8778
2270
8342
8634
9837
2987
9893
6103
2857
1317
8641
1179
7439
4048
10236
9765
9969
2150
5297
651
3193
6809
9713
6077
6295
4201
5724
4787
6558
8263
10141
7067
8771
1249
7130
10442
6240
6727
7232
7487
851
8046
3475
9420
8091
2973
3359
5358
9646
3526
9776
7917
10028
105
4981
3438
2582
10185
8551
3709
8877
8426
6065
10330
9022
7830
5632
2729
5415
4450
7015
5480
2270
1319
3642
9464
6541
6602
2673
2616
6845
10002
7240
3652
1619
6080
10812
689
8681
1176
6049
1275
8369
3918
8083
9929
5372
8171
241
8934
9418
6449
8842
5996
1726
9860
7992
4541
1137
4363
4796
3267
1136
2299
4469
305
1788
9419
3737
776
3474
928
8044
10035
1789
6997
7846
