COL NAME: col1
2270
734
578
1949
1420
1396
2849
4998
-342
-3472
393
-2388
486
3226
2555
2989
-4839
4467
2892
-4122
1331
276
-2432
4687
-4609
-1901
2215
3154
-1160
1910
-4794
2035
-2210
1019
1892
-3941
915
4555
592
864
575
-4337
-1696
1585
2280
-263
2392
-3293
-69
3958
-2069
-3070
-718
-2189
-3014
-3157
759
-3198
534
3815
-452
-1830
-501
-3352
3445
-2800
-2131
1944
-1013
-504
3050
-3307
-1646
4151
2683
2339
-1556
-4699
88
-2025
-1606
1709
-2267
-3314
-3591
2343
-2194
3716
2992
3173
1614
-854
1293
-223
691
315
2027
2987
-3307
-4170
3308
2560
-3919
-4441
-930
3130
-1494
188
1484
-548
2390
4207
3527
-4149
4760
732
-1087
-893
-2918
-4583
-1733
4708
-4272
-2496
-921
-2857
-1560
-32
-3635
-4605
-640
-54
2266
2651
-2844
1541
334
1801
-4047
293
-2319
541
4872
-3676
-1514
301
-732
-1291
4086
-4496
-4177
-2895
-90
1190
-1514
-1670
2114
2575
1819
-4461
1042
1132
-3419
2026
-4991
2418
3415
1970
-3367
-4596
989
-1364
1600
-4284
-24
-4751
-3923
-142
-1626
-470
1241
2002
4550
-1823
2043
449
-836
1269
-4240
1090
4911
-4334
2570
-223
1376
4945
240
-1356
-4698
3150
-379
-4082
-3469
1949
3152
-3024
-4875
1168
-4768
4685
-2528
-4124
-3267
1986
3434
4111
3659
-4883
-4154
3915
-2952
-3083
-1256
1038
-2940
-3658
-1510
-4765
256
-2440
468
1413
-2102
-773
4510
984
4184
-967
-3030
3135
788
-4078
-4050
-2355
2326
-1772
-1244
1898
1166
-2557
4831
-549
-1823
-854
-3208
-3355
-1928
1514
4524
-788
-3375
3666
1783
-3010
1320
588
-4312
182
4984
3058
-2283
2311
490
797
-1665
1305
-1538
2221
2218
2970
-2462
1612
1150
-758
-3692
1035
-434
-3721
-3613
-777
-2427
-3696
-2459
3996
3232
-3378
2992
1136
-1972
-775
-2134
3340
1819
-3667
-147
4977
2101
-4847
-2657
-4940
2970
4650
1667
1960
-1360
3407
-3250
3901
-1007
-127
2124
3820
-3479
-1706
-1958
-4386
-1777
-4870
3230
-4080
3502
-654
4005
-1489
2069
-565
3567
-612
3173
2511
-195
3202
2827
-3611
-4064
3245
-3087
4041
-124
-3067
2490
1881
-4046
-867
4105
3987
4516
-2255
-3688
-2617
1924
-714
1150
150
-1259
3780
4882
-457
4439
4437
-3113
4109
3213
2437
-189
-2572
2813
2266
4078
-3177
-1222
1446
2424
-1944
1635
179
-1324
-3950
1059
-2054
-3125
4208
-4884
3586
-3611
420
-1504
4768
3783
1047
-3051
-1826
-1959
-3105
-4366
-1856
383
4299
-4793
-4106
2867
-3734
-220
-4694
-4339
4274
-4648
-4044
-1547
-3288
631
4461
-2042
4131
-4626
-3354
-1845
3219
543
1430
-4731
4472
1656
4499
-2266
4771
-3075
-3061
4235
-707
-3771
-2260
-4875
2351
4110
757
2175
4991
4710
1257
-4014
-1876
-967
-4426
1924
2114
4829
-4000
-1288
-4546
2232
-2125
1059
-2011
-2137
252
445
-4594
1542
-4860
2151
1894
4873
-1470
2102
1441
4667
495
-3700
-384
1295
-3684
-1317
-4855
4776
-4370
2622
4160
2421
-642
-2651
4382
-4928
-4293
51
2397
2979
249
-1126
-1626
-2507
-1281
2446
1099
-4852
4958
4715
782
-4660
299
-1733
3597
-893
-3174
2693
2002
907
-741
-83
2045
-2036
2340
-4155
-2506
179
1488
-4311
448
3591
671
4011
-483
2870
-3451
-519
-163
2993
1356
-732
-408
-2645
3737
2394
-2328
-4608
-1369
3433
3980
1869
3080
2340
-60
3599
-4853
-469
3964
1511
3551
-3173
3569
-2804
607
1303
-4479
-417
2128
2031
-125
2165
-4354
-670
-442
-918
-3276
-3347
926
-1700
-1273
-4486
3033
-1033
132
3505
2604
-3222
2378
4596
-3987
2909
891
-1708
1643
-1610
4324
-4133
4398
-3864
-3981
-2990
-2829
624
68
3186
-3551
1052
4817
-2022
2531
-3381
-287
-4838
-4369
2896
4032
3017
-4311
2927
1342
1285
1164
-3062
3616
4086
-2664
1171
-376
-3463
-1250
413
-3146
4283
-4219
-1133
879
-3423
1744
-2449
-2445
2239
3078
1971
1530
-865
2167
3804
4973
248
-4331
-4077
3438
1274
-4774
2544
4346
-1652
3381
1450
-2674
1763
3915
4127
1344
-1170
1659
2358
-4052
2568
2374
1362
-3623
-2341
1142
-4577
-243
2789
2880
-2010
-4067
-4736
827
2789
-210
-2521
4777
4491
2368
-423
-3553
1748
-1260
525
-3815
-995
1716
2815
-2200
1892
93
-3841
-4660
482
-88
-4818
823
-1371
4324
1246
3365
-4274
1993
-1256
-4065
-2298
-800
4101
-4230
1031
-2534
-3002
4342
-3569
-3870
3566
-3177
1990
-4641
-1639
-1733
-2394
-4087
-3171
-1301
-3100
4591
-348
2597
-2691
-991
668
1789
-2584
-3064
-1764
-84
-3561
-4618
-4642
-3373
4326
-1165
1905
-3693
1207
-3292
4702
-3793
-239
2929
3125
-2192
1068
806
-4636
-4885
-1065
1980
3182
-1580
-1363
-3001
-4305
2470
3733
4764
4959
3392
-103
-2986
-1345
409
3549
2913
1465
-2049
-1035
-2220
789
2570
2190
2651
3851
3244
2226
4227
2016
2161
1352
1468
3859
738
571
3389
-3052
-4766
-4478
832
-3876
4215
-3481
3418
574
-576
-2984
-1024
2170
-4461
-4766
-3327
-1252
3016
3088
-2936
3931
-786
-1134
4889
1198
-1291
-421
-598
1919
-2796
243
223
1683
690
1410
102
3682
2605
3350
2763
-3304
241
1589
85
3811
-42
2866
3548
4077
3988
-2105
3711
-1577
-1333
-2532
3155
3148
-1362
2618
-2213
-1682
-1257
4171
2778
-2235
-4308
-2839
4256
520
-2129
-4301
-443
-3578
4583
-2532
-4711
2415
-42
-224
445
-1844
810
-918
3497
-4795
2214
-2292
-462
-1449
-4848
4944
-801
2365
-4834
-1511
260
-2708
3752
-2770
4689
2619
3234
-827
1871
2032
-2760
-4001
-2237
2256
4729
-932
-310
3160
-4861
3708
1261
-1049
1340
2846
-2562
941
2196
-544
788
2737
808
633
3345
-2805
-3694
178
4280
-243
-3187
1124
-4184
-3080
2967
-4631
-3221
-1324
-2038
4256
-3866
1136
39
-1099
-3449
4865
283
-3986
-4511
3024
-2088
-1742
-542
-4321
2697
2352
-30
4014
-3363
-2968
-2332
-2813
3468
-2409
-3800
1972
2206
1219
-3300
1038
-4404
-243
2081
-3327
-2706
-493
3328
-4982
3640
-764
-4762
-610
388
4012
1314
-1300
4288
-4496
-1184
57
-1236
1801
-1281
1328
-220
3181
-4366
951
-2110
-4103
2291
255
-1561
330
-2382
-2058
-4010
876
-2109
1410
944
1859
-1199
-4143
-666
1111
2957
2647
1483
-1252
-500
-2125
-1241
-828
-12
3490
-3526
-2172
4141
-4081
1047
3706
660
-4428
-2742
1838
-3662
232
4229
1837
-1284
-2096
2427
4941
-471
162
-3859
2323
-892
4136
4802
2175
-2613
-2434
-3738
1231
-3743
2431
1419
1953
-3454
-2383
1628
3775
1026
-4139
-866
-869
-2570
-1627
-1801
-1817
-1682
-80
-4224
67
4486
-226
-865
-4554
1587
558
4040
74
-595
-1742
3411
2579
-4281
3263
-4302
-4652
-1584
1531
3467
-1032
447
2446
-3866
3347
-4114
-1643
-3244
1992
-1565
-3152
4259
-1129
2117
4536
2850
4940
-515
3690
-678
4665
-237
4765
-2895
-1824
1226
3039
-2137
-995
-1642
3728
1653
3002
-1646
-2602
4903
4461
-1030
1589
3185
-4026
4080
4518
3721
3383
-3992
-332
-3284
-1068
-2134
-61
1078
-2496
-3281
4803
-353
1837
4424
1845
3848
-476
4454
-4732
-3985
2384
-4015
1289
-379
2658
-3061
1265
184
4343
-4193
4499
-113
-4039
4067
244
4673
1715
-2290
-2459
-2947
-3553
-3236
-2329
-1278
4667
2701
-2194
2483
4032
-1754
2415
-4283
-3952
4993
2381
695
450
-3447
1799
1447
877
-2670
2143
-4984
3711
-2149
901
2347
-710
-287
2478
4379
3975
-4956
-3091
-4069
3339
-1879
-1252
1792
3681
4822
-3093
-2637
3207
-1822
3532
-2346
-4680
1854
-958
2362
-2158
-2923
3635
-3985
-2650
3376
593
-317
807
-327
2452
-1023
-1019
1135
2189
2697
3044
874
4103
-1371
1638
-1134
1911
-4136
-429
-4065
4726
-68
3832
-958
-3014
3320
-897
-1256
-3356
2954
3362
-3501
-2965
1770
-4077
1578
-3198
-2051
3105
-1043
-638
3106
-4401
3792
4290
2382
-4254
4269
3989
-2453
-4494
1360
-3536
3864
4121
3693
2345
3947
275
2354
37
-3699
1411
1396
209
4927
2933
1089
-4139
-3731
4756
3462
-4829
4898
4401
1103
4641
882
3415
4145
-2226
-3647
-4076
3220
-1635
1663
1019
452
2500
4030
-3187
4706
-2001
4915
2080
4642
-3181
-3921
-4187
4095
-1660
3558
-2962
2116
266
1893
2082
1219
-3688
296
602
4211
-461
-914
4959
-4374
708
-1466
-3118
-1841
-3927
-660
2257
3219
3488
-2403
-3323
-3622
4456
-2952
-397
-182
618
-3129
3536
753
-3486
1899
-524
1297
2778
-4213
-1159
33
-4934
730
-1661
-4802
4830
-914
2601
2297
-3395
74
-3610
-2737
-3485
-2083
3302
-1345
-3423
-3970
1358
-3538
4381
2769
-3106
-1817
-1032
3181
-4385
4158
-62
603
-4618
1146
3802
-3609
4265
-1850
1947
-203
-4017
4471
3737
4297
-1225
-513
2951
1768
-2450
-3495
-3449
953
2509
4654
2104
2299
-3433
-2635
1001
-1980
-4706
-4082
4017
-4855
187
-3180
882
-1801
-369
-1232
1429
1568
2325
-632
-3867
3082
-3084
-4822
3683
-2105
-1538
966
325
-4999
-3139
-4563
3081
529
-4974
-4453
-1860
-57
-3643
3737
1430
1413
-1826
-679
2376
3911
-4717
-3535
2366
-4008
-478
-4657
-1799
2127
1961
-3262
-4849
-2679
-3448
-4844
523
1250
-4004
-4847
-3284
-728
2216
427
4261
-3788
2433
-1772
4549
2328
-4277
-4933
680
1048
2067
1230
499
1701
3269
3429
-4723
365
-425
2322
1666
4908
4602
4080
-4529
2670
-4455
4154
4062
2288
-4359
-4135
1795
-4261
1947
645
-1268
1998
-2397
2557
682
-1076
3119
1495
705
3216
1200
3534
1401
3787
-503
-3435
3368
-1765
1353
-1619
-4455
533
-2337
-3869
1022
3445
4612
812
1782
262
2787
972
-3992
-242
3446
3075
1496
-2197
-4123
-2585
4257
-4456
1450
-2554
-723
4205
-690
-804
2082
-800
-476
2795
-2089
-49
2257
-3827
4089
-2571
-2393
-216
2054
-1509
3945
-3666
2211
-4836
-4598
-843
2467
3737
-863
3154
4408
3276
-1871
-1633
1752
-984
-4739
-778
11
724
-3590
-4449
-924
303
3564
1354
-1375
-622
