COL NAME: col2
-1870
1999
3900
-618
-2396
5062
-104
187
-3443
-4916
4185
-347
2585
1378
628
7681
-5542
483
4755
146
4902
-2662
-1969
4945
-3717
-623
-331
7916
-5132
5972
-4660
-1481
198
-2224
-1430
-2273
5704
5005
2984
5338
1105
-7339
-2933
-2124
-1084
-4409
3920
-2502
-1559
3347
708
-1783
-3207
-91
324
523
2453
-43
-405
8023
-2344
3044
794
-2813
1002
-4839
-6175
1437
3706
-769
1496
-4871
-6421
4751
2325
6774
-5496
-9093
4419
-923
1713
-2722
-3404
-5305
-7807
4549
-6657
5687
2772
2668
5972
-2085
2750
-1369
-1258
184
1169
4786
1567
-3993
4257
-509
-8407
-5769
3732
1277
759
-2671
6311
333
4295
8747
4405
-7462
3760
1119
-5021
-167
1049
-1277
-5908
120
-2108
-4529
-4350
2022
-2794
885
-4143
-2205
-3138
432
1757
1287
16
1270
4258
1647
-6508
-3516
2090
5121
8574
671
-4704
-513
-984
2982
8662
-8282
-8249
-4268
-915
-2554
-2930
-3967
-1533
-1758
538
-4497
3144
4023
-705
-2719
-7120
2542
5864
3908
-1101
-1421
-2551
-1555
2597
-1345
-1605
-886
-496
1402
-5374
1411
4258
-1667
4665
907
-2820
-1719
2105
87
-1410
2121
8383
-5146
5526
-1323
-3101
7185
1733
-1924
-9060
275
-253
-6285
-297
3831
3902
-6728
-5243
5963
-407
7628
-4789
-5312
-6662
503
1024
4453
6854
-7332
-2838
-861
-1719
-3849
2837
5903
-2653
-5826
2800
-7857
-2109
-2025
3475
3354
444
-5173
6453
1126
1896
-3970
359
3702
1196
-8659
-6714
-2743
3697
-3053
-2019
-2309
-3020
226
658
-1673
1972
1342
-2476
1042
-5074
1545
7917
2182
-402
7275
5929
-2711
700
-3446
-5069
5098
1743
-991
-2759
4497
2135
4935
1373
-244
-5706
531
4994
113
-2915
1617
575
-2063
-4515
-371
-943
-1638
-5934
-946
-4828
-1328
-5408
-930
5416
-337
-1363
4782
671
-2708
-2346
2190
6147
-4517
1065
7692
4775
-2230
-2521
-810
-778
3199
-1011
-36
1622
-1255
-2646
4220
2673
-321
281
6506
539
-1621
-2461
-3994
361
-6887
5924
-1516
7432
4342
1037
-4718
-2011
-1805
600
2220
805
6666
-4389
70
3256
-1337
-2662
5459
1701
6353
2163
-6687
6669
6428
129
-497
7333
3023
-167
-5664
789
-4378
-2714
-1976
-3294
2711
3507
8519
1018
-4450
874
4521
-6848
7182
2782
2236
3765
-2446
7458
3806
1922
-5022
-3326
625
-1643
2040
-1110
1752
-2944
-5317
4943
671
-6362
6307
-7451
2374
-254
4340
-5726
6499
1503
4079
-1319
188
-6854
-2015
-7441
2775
-706
7741
-8894
-8592
1976
-5096
-3293
-1715
-4695
8220
-554
-6973
128
-3585
5264
4193
862
-344
-4978
-8341
1476
332
98
-104
-4007
5748
-2769
2691
-1150
1974
-7456
-4108
-484
-529
456
-4971
-2402
3989
6705
-2274
6731
6803
908
3962
-4574
2643
-862
-3722
752
6653
3943
42
-4921
270
2038
-1533
3069
2207
-5960
-349
2015
-388
3478
-4978
5715
4205
6660
-5184
-539
1488
1465
5395
-1831
-5375
1110
-2985
910
-4845
258
-517
4949
260
2437
4127
-1952
6146
-4456
-7489
-2474
-868
407
540
3560
2582
-694
842
1889
4654
-5815
4853
2500
2039
-6843
5216
-2327
3034
-5333
-545
5957
1227
2004
2545
3346
-1907
101
4519
-3378
-4787
1789
1225
-4136
-3373
5498
2599
2303
-2181
3563
1505
2379
2595
4000
4789
-5061
-613
-1758
3456
7045
-3128
-992
-197
2330
6431
-884
5179
4423
-1789
6249
-3433
-139
5457
4015
927
-1194
2854
-4057
-3624
286
-352
529
-411
6790
-3869
-2534
597
3890
1137
-1735
-6900
-6281
2177
-421
-1
-9038
553
412
-2321
1588
5148
-320
-1498
4847
-8761
3497
-3029
-3122
602
-613
-135
-510
567
-6054
-3744
600
437
4315
1465
86
187
-1852
3148
-4183
1814
-1513
4270
-7864
-8464
-1900
4379
314
-5311
-902
-2209
1717
-166
500
4920
5719
2215
3268
-3743
-5326
2285
79
-3091
5057
-1671
1060
-151
780
-830
-1038
-6970
3949
4141
496
-3212
764
-2221
1111
5879
4014
-4967
-7952
2149
138
-9510
3113
-67
-353
7553
1883
1413
-1563
4964
-718
2123
2876
-2900
1986
-873
2214
-1488
-1184
-1922
-2745
1768
-2578
-3276
735
2955
145
-7607
-2920
4086
3506
1973
2364
1269
7342
884
-4696
-1972
-2847
-4414
4295
-6421
1434
1591
1266
1133
2700
-3582
-4191
-5832
1858
-440
-6706
-2660
-2743
5912
-2767
2106
-5514
1026
2355
-5257
-1409
-5599
3759
-6075
2470
-5252
-2526
3660
-2945
-2307
686
-6703
2150
-8500
-56
-169
-1488
-7076
596
3354
1549
3006
2591
2055
-1423
637
1981
-2426
1404
-4257
-4412
414
-831
130
-4711
1122
5978
1852
-261
155
-631
-4662
177
-6833
628
3276
579
-550
-130
1948
-5378
-2801
1677
6114
949
-735
-3410
-6774
196
5007
-179
5908
8027
6840
-66
-6605
1593
-2499
4196
5460
-2038
-5811
-349
178
-3775
5050
3877
3226
-990
5090
2816
5273
4774
-955
5361
5548
6677
-30
4581
4480
-958
-646
-3574
2954
-3255
4887
-2704
3773
-354
-2339
1404
-4273
3639
-8000
-8218
-1619
-3079
5027
6666
-4683
332
-2559
-316
3952
223
-136
-4449
-1046
5754
-2451
1857
3807
-3040
3349
5062
2108
-246
7520
3131
3702
-6358
1661
2942
722
6699
4755
5026
5734
8552
2630
-512
1923
399
-360
-1315
1738
365
2773
1565
219
2176
2535
1622
1474
-2866
-6146
506
3456
-2708
-6469
-1831
-3264
-5398
197
2050
-1591
4186
3403
-4400
-3175
-2537
4343
-2678
1246
-2443
1025
-5301
3250
-3617
-4094
2554
-1947
437
-9326
-5831
-383
-6170
8043
-3483
2860
3652
141
-4534
-157
-1976
-6284
-7146
-3574
987
2822
-2655
-715
-1728
-8437
4751
-2852
-2489
4398
6489
2179
3585
3107
4063
-4011
7270
2970
1388
-137
-4251
-4845
-2267
1922
-2249
614
4599
-1880
-263
6334
-7813
-547
-3898
-6179
3273
-3700
1621
-64
-4762
-6820
1226
2893
-8384
-2647
-1682
2821
-3925
-235
-3583
5730
4267
2973
2088
-3260
-5207
-6530
-5483
-1472
1349
-5946
-2892
-2133
4362
-5600
1202
-4859
-859
5771
-21
-4076
290
1688
-7740
588
1137
-9558
-2923
4928
-796
4756
3059
1967
317
-5467
-935
-1599
5376
-3700
2319
-1043
563
595
1577
-871
174
-1204
-4496
-3707
3201
-2704
1353
-7198
5561
2788
-3537
3348
5700
-3638
-4257
-1376
362
1003
2580
-3314
466
3299
-3934
-4138
205
657
-554
-4066
-4322
5785
-776
-114
3510
138
-2346
-1703
-575
-3666
-2551
3612
3868
-2870
-4591
3763
7027
-4336
-4632
-4232
578
-2872
1925
7937
4304
-1031
-6459
-3691
-442
-8279
-1339
2169
6069
-2389
1571
-217
4190
4327
-2428
1721
-3721
-5691
730
-420
-1355
-3900
1244
-4016
3147
5580
2466
1259
-5639
-3187
-4256
1072
-3045
544
-3480
-1537
-755
-684
7684
-2059
-4278
-1764
1151
1014
-5122
1576
5965
-3990
3939
-8393
-5773
-7127
3763
57
-5456
2045
-4323
2165
2839
4266
3864
2585
3607
1321
8943
3227
7303
-7588
-5573
1531
2930
-534
3119
-27
6406
-2251
2249
-6376
-607
2133
3133
1515
-1367
-1566
491
1752
8180
2780
5792
-5209
-1045
-7974
-5484
-1236
-1055
3114
1310
-1595
699
4475
-1714
3541
603
-987
-2655
-475
236
290
3433
-4530
5892
4298
-1339
-6426
-1840
-2414
1299
-815
1783
-1259
-5192
1485
2363
8522
981
1354
-696
532
-2544
1181
-810
-1372
475
-1083
1776
-394
846
-3823
-170
-5722
597
5571
2161
2096
4425
-7435
1385
-1208
2662
-2984
-798
-9520
4667
-4306
-3130
542
-1728
-2195
5954
3348
6083
-8146
-1727
-1159
-629
-5006
-5975
1505
8055
109
-6932
514
5676
-4646
1930
46
-5026
2359
3051
-2627
-4929
-78
-1068
-7601
-6381
2939
1748
-3436
690
-3918
6170
-3354
-1250
1708
1724
6083
2262
1455
6251
-452
1289
-5763
2921
-7868
-200
-2671
7500
-465
6586
-3383
-5774
4288
-3821
-662
-5212
5223
7206
-6343
12
6011
-4845
1453
-5541
-6110
-652
-4077
864
-242
-4586
7364
4889
6364
-750
6277
3432
-4289
-2775
4017
-8146
1424
660
7614
1731
4877
-4218
1870
3148
-1329
2776
4844
1742
2572
3409
3485
-793
-8327
940
4273
-1364
9861
4076
-2424
2737
1864
6826
3669
-1553
434
-6906
6446
-6047
749
5925
-981
-1484
8859
-1931
937
-3561
1604
5691
5291
-6839
-4715
-4098
8828
1216
1455
-3692
-1100
4456
6536
3951
753
-5726
2500
-3207
5664
3415
-3653
5999
-4360
-3802
-3170
-3210
-2311
-6540
-3504
-584
5299
669
-6502
-5442
-7374
6492
-1837
-1844
2010
5474
-214
6772
2990
-5888
5364
-5046
5900
3786
-2991
-2483
2821
-2401
3195
-6113
171
1004
-5180
6580
381
-5462
2173
-5221
-4305
-2159
-1352
3411
-2552
1065
-2279
-1461
-1501
4689
-1544
-717
-3020
-3316
-1441
-7055
3425
355
-2185
-7362
-3483
7109
-7269
4078
2947
4890
-135
-3410
1378
2911
1287
2887
-1078
4400
5898
-3225
558
1479
4409
5402
9291
3344
452
-7305
-2052
568
-724
-5422
-8584
2796
-1913
1824
-5216
-2251
-698
4230
2910
34
-831
-516
-4315
-1260
6189
-1088
-734
-1257
-6520
-2527
3295
3843
-774
-2870
-4717
-1018
2133
-3037
-695
1136
3940
-551
1465
-456
-2384
-3745
3182
1454
1511
-3877
-214
1038
-2150
-2290
-4953
-1328
847
-624
-6898
-1072
-7184
-6328
-918
3066
3496
-4378
-1994
-7498
-1961
6073
2438
1610
-1823
-56
-2190
2262
1961
-3583
-7427
5035
-291
2158
5524
1772
1695
1100
3682
-6634
-1513
2302
3822
-3192
3272
5687
3597
-6589
1393
-6215
36
3673
491
-6276
-8362
3779
-7716
3567
4588
-3985
2411
-1436
-763
3766
124
898
2430
4006
3154
4571
4452
3473
2661
2430
-8127
-1494
-5823
1310
-780
-7528
5087
2128
-4106
-819
3752
5248
-3534
-1420
-915
2303
2611
-4678
-2560
3157
2527
6443
-2818
-7255
1176
7870
-8233
2970
-1662
-1321
3190
-2671
-5232
1084
-3803
3149
6852
863
3049
2822
-203
3656
1611
1873
1401
4760
-5803
4700
-3078
5076
-2776
-993
-4976
4038
5205
-5411
-379
6155
6168
-3226
705
-2803
-2109
-4747
-1603
-4296
-2869
-5093
-81
175
3421
4180
5049
-6061
2827
