COL NAME: col3
50
55
72
25
87
51
5
58
11
62
35
8
73
66
28
70
89
7
42
76
34
82
21
79
78
65
20
93
70
94
40
40
48
98
3
97
64
9
93
95
66
9
72
16
66
90
52
34
3
67
95
10
43
59
69
61
98
31
45
22
36
89
97
74
57
84
42
87
14
66
1
70
4
52
44
92
40
62
95
93
71
31
1
9
42
42
66
22
97
81
96
96
59
80
5
12
20
94
57
84
96
27
69
7
76
97
57
39
85
0
76
64
9
59
68
19
61
12
57
36
9
2
33
33
29
36
67
33
31
84
57
23
8
40
23
24
35
7
92
88
58
34
37
91
82
31
50
27
55
98
7
40
22
53
22
31
9
80
34
98
62
66
35
92
48
45
26
30
33
75
58
53
88
65
29
72
22
8
83
54
0
55
38
86
17
41
95
72
74
64
74
32
29
4
49
64
9
59
76
26
71
27
44
51
65
61
75
90
76
59
85
39
14
94
6
38
50
98
6
11
13
33
38
72
63
96
11
33
26
21
17
45
43
17
36
6
67
79
85
59
47
50
99
83
94
51
96
76
51
83
53
40
41
21
38
22
47
32
40
29
77
46
99
56
71
56
61
85
56
67
98
71
97
85
24
88
39
16
79
47
38
14
16
34
32
17
29
86
36
6
73
79
27
86
97
17
46
22
19
30
13
22
1
28
49
72
58
32
47
43
11
82
41
83
94
34
40
84
54
12
38
90
88
65
34
71
32
88
84
35
12
55
45
72
98
45
99
43
45
73
68
30
23
31
66
15
56
83
23
33
51
47
86
52
54
37
1
68
81
52
49
28
73
54
60
49
15
86
93
69
43
99
83
15
27
56
25
85
10
0
68
42
45
35
65
56
5
61
26
25
98
12
75
17
37
5
91
27
88
4
58
78
72
44
52
1
48
72
89
86
62
91
69
57
3
29
56
46
17
93
90
94
43
51
48
29
51
36
62
11
16
33
27
3
97
45
13
12
57
48
49
66
20
79
50
37
25
5
17
5
40
56
49
24
47
23
29
86
44
42
71
55
72
69
32
96
44
6
17
69
44
36
20
89
78
43
29
10
7
4
7
4
9
14
55
54
2
40
9
6
62
62
87
25
33
71
38
59
68
99
25
61
9
96
99
53
30
37
24
76
64
99
99
49
23
26
81
49
49
14
16
28
4
10
79
51
33
80
32
48
30
17
88
4
29
44
86
37
81
95
93
28
35
8
22
2
85
55
39
55
57
30
85
10
41
2
56
13
45
18
59
30
35
31
62
25
64
1
69
44
77
91
96
24
39
17
97
11
90
23
96
78
42
31
80
98
46
44
34
76
8
9
64
58
97
56
88
85
9
89
18
49
67
4
28
4
59
64
27
82
99
0
28
50
35
31
63
13
31
8
82
10
47
50
3
40
24
16
46
7
57
0
1
9
90
26
12
62
10
13
95
79
92
97
25
68
82
38
91
27
16
36
82
26
75
66
67
46
74
33
17
34
17
69
33
32
71
83
83
42
81
26
47
68
70
21
33
42
76
95
87
15
13
38
70
11
83
96
54
5
39
90
12
68
23
73
58
45
95
72
98
43
75
10
60
35
71
9
77
93
0
62
11
4
77
35
16
57
21
30
25
12
62
66
62
10
68
63
67
31
73
9
53
54
81
61
54
86
81
34
66
64
16
41
58
69
10
77
27
38
53
99
10
57
39
3
63
47
69
82
30
1
42
88
40
59
74
45
39
58
44
41
20
2
65
10
23
49
87
20
24
3
42
46
22
59
87
20
65
86
50
14
57
25
89
91
58
89
44
65
34
95
93
63
83
76
26
86
79
30
11
96
44
31
53
65
86
31
14
54
40
39
71
48
85
37
55
33
0
9
39
15
87
45
23
13
89
38
17
83
40
55
35
23
89
28
21
10
40
48
10
51
66
84
74
7
30
73
5
80
70
95
12
5
66
26
44
25
3
36
20
27
81
31
52
32
25
16
55
92
83
29
4
5
61
9
69
9
84
43
55
3
12
73
79
18
69
89
61
8
45
55
73
39
66
82
61
98
45
5
28
18
14
56
37
20
50
38
86
19
1
31
91
3
6
2
24
8
86
86
25
63
17
87
90
1
0
47
79
62
87
35
62
74
25
5
25
92
42
0
8
26
70
2
60
72
1
73
80
30
64
17
5
41
67
3
98
3
64
40
42
94
54
18
20
57
29
6
68
63
1
66
78
73
8
22
13
53
44
96
15
83
71
97
94
56
7
24
40
61
76
17
49
40
33
99
80
11
79
76
74
77
41
54
91
58
50
87
52
80
8
93
2
7
81
58
29
66
54
33
42
27
36
88
29
70
61
28
1
89
56
56
41
48
56
70
17
69
26
53
23
96
94
33
21
87
62
35
91
83
60
81
41
95
32
73
8
24
12
46
44
4
30
30
97
89
70
40
45
51
83
85
4
11
20
8
92
90
16
23
26
7
43
61
28
82
73
23
33
59
30
3
94
8
89
76
89
53
0
60
72
30
87
44
59
85
72
86
83
41
84
26
57
68
80
97
72
33
9
65
24
2
33
70
27
8
10
92
79
38
92
12
98
10
34
7
6
68
69
56
34
93
10
37
90
84
77
48
34
28
87
99
40
95
5
9
83
83
89
84
22
45
11
54
12
73
6
11
60
24
1
25
50
68
61
71
72
38
83
10
63
85
79
41
9
88
18
3
82
2
80
13
9
5
30
30
47
8
75
25
1
3
95
91
5
29
54
27
60
76
54
35
73
73
4
28
99
11
21
58
38
1
13
9
47
63
2
71
59
80
67
20
93
18
78
19
57
41
93
9
22
87
11
8
78
28
81
19
64
2
7
38
63
30
71
78
21
95
4
57
72
78
62
60
51
32
21
50
10
57
49
69
16
45
43
56
4
38
57
8
92
22
46
35
30
83
22
55
70
45
57
35
67
87
59
13
24
70
78
43
45
12
61
18
11
89
47
32
78
36
5
88
80
42
99
49
45
72
27
98
66
10
19
86
29
35
75
99
98
97
67
87
35
57
27
38
65
42
4
91
12
99
8
93
56
26
60
76
49
91
81
33
84
64
44
86
33
99
72
7
93
47
35
99
81
65
10
51
35
94
30
23
20
95
29
71
96
63
38
0
96
41
76
85
4
11
28
2
60
50
35
74
89
1
28
40
28
99
63
57
82
9
10
6
76
60
65
93
85
52
64
26
6
64
57
24
47
3
93
7
84
67
59
3
7
89
92
15
18
0
33
92
90
44
62
93
5
35
65
77
7
66
98
26
33
27
30
16
82
54
74
8
93
56
44
5
13
30
53
10
68
94
1
16
35
2
62
42
92
32
77
28
22
58
80
48
54
74
27
70
71
92
24
6
85
72
74
33
90
21
66
49
47
71
69
56
24
65
15
57
40
50
20
78
55
97
46
42
83
30
14
47
61
91
69
2
37
86
57
66
44
43
7
65
70
60
16
70
96
35
67
79
20
81
45
45
91
15
21
5
93
55
44
57
27
16
35
11
49
58
11
99
61
39
92
1
92
93
99
24
84
85
73
30
46
59
72
97
40
49
22
11
70
95
82
21
55
15
57
71
93
50
5
1
61
97
92
41
42
51
57
19
55
66
58
47
34
7
75
31
92
44
84
66
26
2
56
64
19
70
40
0
73
75
3
70
9
85
88
28
14
