COL NAME: col4
2147480553
2147474024
2147481790
2147474752
2147480394
2147483453
2147479322
2147478890
2147476495
2147481862
2147476351
2147478513
2147480310
2147476996
2147482758
2147474024
2147480082
2147483090
2147483036
2147483510
2147481268
2147480133
2147475004
2147475414
2147479153
2147483205
2147479074
2147477489
2147476892
2147474191
2147479695
2147482615
2147475268
2147477960
2147482371
2147481476
2147474536
2147474040
2147483461
2147477105
2147481316
2147476011
2147481002
2147483188
2147473965
2147480185
2147482544
2147477419
2147482881
2147477892
2147478301
2147480533
2147477654
2147478290
2147475775
2147478261
2147476397
2147482083
2147481848
2147477302
2147483163
2147479087
2147476018
2147476251
2147479395
2147477181
2147481213
2147482232
2147474899
2147476614
2147483006
2147481219
2147476655
2147481461
2147480854
2147482032
2147482166
2147477768
2147477845
2147482502
2147478485
2147477673
2147477905
2147478421
2147482725
2147477601
2147475942
2147479965
2147477115
2147474680
2147475119
2147478761
2147479338
2147480453
2147477719
2147481387
2147474796
2147481880
2147480128
2147477404
2147481056
2147480909
2147480311
2147477444
2147477095
2147481924
2147481480
2147478105
2147479018
2147476287
2147482870
2147481335
2147474578
2147475469
2147479550
2147479475
2147477457
2147483433
2147479179
2147482960
2147483521
2147475572
2147476088
2147480661
2147477090
2147474855
2147483006
2147479230
2147481901
2147482002
2147478295
2147481050
2147482923
2147473886
2147477434
2147482277
2147482368
2147481944
2147480908
2147483078
2147480280
2147481990
2147475441
2147480604
2147482470
2147481755
2147473854
2147476470
2147482673
2147475148
2147480355
2147477969
2147482643
2147480481
2147479897
2147476795
2147478259
2147475494
2147481782
2147480066
2147477367
2147479742
2147475713
2147478028
2147478393
2147481833
2147480048
2147483082
2147476052
2147473903
2147480125
2147481183
2147479788
2147479806
2147473826
2147481260
2147481587
2147479170
2147477831
2147479885
2147478588
2147473675
2147481893
2147482160
2147477278
2147480551
2147480421
2147479569
2147473979
2147475365
2147473964
2147479892
2147477199
2147479746
2147476565
2147481440
2147483202
2147481987
2147481111
2147483572
2147481222
2147476276
2147478221
2147481696
2147474857
2147473817
2147483407
2147478044
2147477083
2147475525
2147477700
2147476683
2147476896
2147477521
2147482362
2147477200
2147479253
2147476354
2147476180
2147474469
2147477156
2147473842
2147474113
2147476673
2147481793
2147476185
2147473747
2147481955
2147479362
2147479923
2147483111
2147476338
2147475082
2147475550
2147476671
2147480705
2147480461
2147479710
2147476241
2147480166
2147478587
2147478041
2147480787
2147480872
2147476574
2147480510
2147479652
2147475474
2147480200
2147474673
2147474433
2147475448
2147478834
2147480884
2147482200
2147480249
2147477045
2147474874
2147476288
2147478698
2147477297
2147479559
2147479285
2147476851
2147483640
2147480883
2147480941
2147483256
2147481498
2147482175
2147481503
2147479586
2147475609
2147480595
2147474491
2147483480
2147477788
2147474772
2147480210
2147478359
2147474412
2147483540
2147479223
2147481051
2147478277
2147482932
2147475252
2147483109
2147480154
2147474178
2147476438
2147474900
2147477589
2147479276
2147482497
2147478881
2147480034
2147483008
2147479440
2147476134
2147476491
2147481437
2147483570
2147476886
2147481348
2147478932
2147476337
2147476980
2147474846
2147480602
2147480911
2147483220
2147480698
2147478909
2147483030
2147481518
2147474990
2147475302
2147478401
2147480784
2147479629
2147482828
2147474725
2147473769
2147476843
2147475862
2147476639
2147482673
2147483518
2147475717
2147479043
2147475610
2147477671
2147482247
2147480090
2147480068
2147476017
2147475967
2147476887
2147481604
2147479203
2147475540
2147480055
2147477486
2147481157
2147475137
2147477657
2147475469
2147474920
2147482536
2147478484
2147477862
2147475417
2147476489
2147481589
2147476012
2147479011
2147474765
2147481095
2147474460
2147473685
2147476108
2147477986
2147479131
2147477367
2147480879
2147482694
2147476002
2147477690
2147483637
2147473822
2147483552
2147480388
2147474319
2147474341
2147482387
2147479624
2147474770
2147476945
2147477634
2147476244
2147478016
2147476671
2147482623
2147483049
2147482779
2147475176
2147473741
2147483170
2147483601
2147480308
2147478697
2147475869
2147476390
2147474744
2147481839
2147478651
2147475751
2147476390
2147478377
2147477947
2147477310
2147481855
2147473773
2147479645
2147479322
2147477822
2147482628
2147479146
2147480055
2147476000
2147483351
2147480531
2147477868
2147478485
2147481920
2147480663
2147483484
2147473822
2147482515
2147482187
2147483230
2147475206
2147475086
2147476573
2147480634
2147478467
2147479019
2147478351
2147480360
2147480025
2147474005
2147477045
2147482928
2147473940
2147479091
2147482830
2147476224
2147479926
2147474467
2147477873
2147477268
2147481577
2147480360
2147478336
2147475572
2147479399
2147479262
2147478282
2147478004
2147477292
2147476855
2147476304
2147483524
2147474898
2147473875
2147477546
2147476521
2147483099
2147478787
2147480215
2147480204
2147477108
2147476162
2147477932
2147479152
2147479710
2147476817
2147480061
2147474312
2147478985
2147474831
2147480387
2147476280
2147476713
2147475537
2147474607
2147481997
2147475655
2147474369
2147481348
2147481166
2147474902
2147475993
2147478188
2147473752
2147475309
2147479066
2147474739
2147482377
2147479387
2147480608
2147482904
2147475219
2147476663
2147480654
2147477094
2147475077
2147473889
2147480734
2147483202
2147475715
2147481479
2147480986
2147480535
2147478783
2147481098
2147473948
2147476476
2147479025
2147479355
2147476048
2147476806
2147481642
2147474668
2147475197
2147481613
2147480550
2147474525
2147480657
2147476728
2147477182
2147481439
2147483160
2147478984
2147476751
2147476484
2147479961
2147475765
2147482974
2147476365
2147481774
2147480062
2147481089
2147482029
2147477027
2147475217
2147477573
2147475135
2147482407
2147477471
2147477152
2147476270
2147479167
2147480383
2147474561
2147478877
2147481887
2147482583
2147478849
2147479045
2147480343
2147474189
2147478510
2147483046
2147482023
2147481369
2147481828
2147480257
2147478382
2147478337
2147483096
2147477744
2147480799
2147478462
2147477428
2147482122
2147477248
2147480622
2147483049
2147479913
2147474088
2147477455
2147474121
2147480937
2147475505
2147476427
2147478684
2147477990
2147483386
2147482396
2147478891
2147480681
2147477990
2147478702
2147476986
2147481405
2147479942
2147477867
2147481834
2147480063
2147475542
2147479107
2147483592
2147477449
2147476303
2147477166
2147479329
2147478724
2147483320
2147483393
2147474293
2147483389
2147475346
2147481585
2147477218
2147477074
2147478433
2147478222
2147474038
2147474929
2147474154
2147475370
2147474605
2147479506
2147483574
2147480085
2147474410
2147479244
2147479597
2147479910
2147480269
2147483599
2147476537
2147481425
2147474990
2147479162
2147480863
2147483476
2147480266
2147481401
2147482389
2147475653
2147480519
2147475831
2147482598
2147473971
2147481012
2147481950
2147475471
2147477269
2147474786
2147475368
2147474371
2147480279
2147476060
2147474414
2147483133
2147477665
2147477918
2147480834
2147475606
2147481776
2147482834
2147480045
2147475499
2147480558
2147477519
2147476871
2147483062
2147481629
2147483316
2147478525
2147482780
2147480009
2147474465
2147477564
2147481135
2147475718
2147482476
2147478454
2147480490
2147477323
2147481509
2147476168
2147476173
2147478665
2147480347
2147476283
2147479420
2147480485
2147478807
2147473907
2147476644
2147482595
2147481456
2147477749
2147480102
2147481905
2147476426
2147474817
2147475314
2147482499
2147478647
2147474008
2147481669
2147479362
2147479691
2147480753
2147481400
2147481170
2147477445
2147477408
2147482016
2147477688
2147479818
2147481776
2147483152
2147480631
2147477647
2147482370
2147474909
2147478904
2147478930
2147476534
2147478590
2147480691
2147478795
2147482095
2147481618
2147479519
2147475426
2147478408
2147478008
2147475628
2147475235
2147482240
2147480251
2147477285
2147480948
2147480812
2147483054
2147474795
2147479198
2147481033
2147476098
2147480786
2147477041
2147480005
2147482713
2147479312
2147482213
2147474842
2147480135
2147477175
2147477129
2147479263
2147481106
2147481664
2147475705
2147476065
2147473773
2147476480
2147478126
2147480118
2147482289
2147478266
2147474657
2147477426
2147474589
2147477251
2147477628
2147478016
2147482341
2147474898
2147480657
2147475967
2147479558
2147480186
2147476843
2147476605
2147479986
2147481559
2147483036
2147476922
2147482896
2147476696
2147475554
2147476587
2147482380
2147482357
2147482263
